38
ID_ESTADO|ID_DISTRITO_FEDERAL|SECCION|TIPO_CASILLA|ID_CASILLA|EXT_CONTIGUA|TIPO_SECCION|LISTA_NOMINAL|ID_MUNICIPIO|ID_DIST_LOC|ID_ESTRATO_F|ESTRATO_F|ID_ESTRATO_L|ESTRATO_L|ID_AREA_RESPONSABILIDAD|PAN|PRI|PRD|PAN_PRI_PRD|PAN_PRI|PAN_PRD|PRI_PRD|PT|PVEM|MORENA|PANAL|PT_PVEM_MORENA_PANAL|PT_PVEM_MORENA|PT_PVEM_PANAL|PT_MORENA_PANAL|PVEM_MORENA_PANAL|PT_PVEM|PT_MORENA|PT_PANAL|PVEM_MORENA|PVEM_PANAL|MORENA_PANAL|MC|PAZ|MD|PP|PES|RSP|FPM|CNR|NULOS|TOTAL|AMRF|C_MD|CEAM|DMA|FCM|FSPT|JVB|MGMP|MGZ
32|3|1787|B|1|0|U|338|56|2|3|3|3|estrato_3|104|7|22|5|7|0|16|1|4|9|2|2|1|9|4|1|1|0|17|2|4|6|1|1|22|15|3|2|7|5|2|1|179|1|15|58|63|22|7|3|2|5
32|3|1818|C|1|0|U|436|56|1|3|3|6|estrato_6|125|9|36|9|3|1|17|0|8|15|2|0|1|10|1|1|1|0|13|8|2|5|5|0|15|23|1|2|8|7|0|3|206|0|23|75|72|15|8|1|2|7
32|4|0461|B|1|0|U|618|17|3|4|4|7|estrato_7|25|9|38|9|8|0|23|2|10|17|6|1|2|19|2|0|10|2|23|11|3|14|4|1|39|33|1|3|11|8|3|6|318|1|33|89|124|39|11|1|3|8
32|4|0468|C|2|0|U|604|17|4|4|4|7|estrato_7|61|6|35|16|8|10|21|0|10|17|6|2|2|14|4|0|9|2|23|8|5|9|6|1|23|31|12|4|6|6|0|2|298|1|31|96|117|23|6|12|4|6
32|3|0904|B|1|0|R|502|29|18|3|3|13|estrato_13|30|10|29|8|12|0|12|2|9|20|3|2|5|10|2|1|5|6|10|8|4|5|8|5|29|15|2|0|9|12|0|5|248|5|15|73|98|29|9|2|0|12
32|1|0175|B|1|0|U|517|10|6|1|1|4|estrato_4|66|7|35|8|8|3|19|2|10|16|4|1|1|5|3|3|12|3|12|5|9|8|4|2|27|26|3|3|5|7|0|2|253|2|26|82|96|27|5|3|3|7
32|4|0789|B|1|0|R|484|24|9|4|4|4|estrato_4|78|7|34|9|4|1|21|1|12|23|3|0|4|12|5|2|8|1|16|11|10|6|6|1|25|15|7|1|3|7|0|1|256|1|15|77|119|25|3|7|1|7
32|1|1339|B|1|0|R|464|42|17|1|1|1|estrato_1|132|7|30|8|4|4|15|2|8|16|1|0|2|6|1|0|13|5|10|5|6|8|0|1|28|21|6|1|4|6|0|2|220|1|21|70|81|28|4|6|1|6
32|3|1870|E|2|5|M|639|56|1|3|3|6|estrato_6|147|5|47|13|10|2|32|2|14|17|1|1|2|13|6|1|9|1|26|12|3|11|9|3|30|23|6|1|9|5|0|3|317|3|23|111|126|30|9|6|1|5
32|1|1312|B|1|0|U|491|42|17|1|1|12|estrato_12|124|9|27|8|9|0|17|0|7|15|1|2|1|10|1|2|6|3|20|12|3|6|10|3|27|25|5|2|10|6|0|1|248|3|25|70|99|27|10|5|2|6
32|1|0231|C|1|0|M|428|10|5|1|1|12|estrato_12|26|6|38|7|4|0|18|2|12|15|4|0|2|5|4|2|5|2|9|4|3|5|7|1|20|21|3|4|1|10|0|1|215|1|21|75|79|20|1|3|4|10
32|2|0034|B|1|0|U|464|4|14|2|2|5|estrato_5|166|12|39|8|5|0|20|2|6|17|2|2|1|6|0|1|1|2|15|12|3|12|6|0|21|12|4|2|11|4|0|2|228|0|12|86|86|21|11|4|2|4
32|3|0424|B|1|0|R|146|14|18|3|3|10|estrato_10|44|2|13|3|3|0|5|0|1|5|0|0|0|1|0|2|1|0|2|3|0|1|1|0|7|4|4|0|1|6|0|1|66|0|4|26|17|7|1|4|0|6
32|4|1690|B|1|0|R|437|54|15|4|4|11|estrato_11|140|8|37|8|2|0|14|3|10|18|2|1|1|11|1|2|3|2|18|13|2|10|4|3|25|15|6|1|6|6|0|2|234|3|15|72|98|25|6|6|1|6
32|4|0520|C|2|0|M|590|17|4|4|4|14|estrato_14|45|13|47|14|10|3|21|2|11|18|1|0|2|18|5|5|5|2|16|15|5|8|5|3|26|25|2|5|7|9|1|0|304|3|25|110|116|26|7|2|5|9
32|1|0271|C|1|0|U|578|10|5|1|1|12|estrato_12|32|4|34|21|13|5|25|2|12|16|4|1|2|9|3|2|11|0|14|11|6|8|8|2|34|23|7|2|5|7|0|1|292|2|23|104|107|34|5|7|2|7
32|4|1114|B|1|0|R|574|38|15|4|4|14|estrato_14|103|10|37|11|11|6|15|1|17|17|2|2|2|6|3|2|8|0|19|8|4|5|6|2|24|33|7|4|6|8|0|3|279|2|33|91|101|24|6|7|4|8
32|4|0453|B|1|0|U|546|16|8|4|4|14|estrato_14|8|7|42|10|2|1|20|1|11|27|4|0|0|8|2|0|5|3|10|8|3|11|4|1|21|26|2|5|8|10|0|2|254|1|26|83|96|21|8|2|5|10
32|1|0244|B|1|0|M|413|10|5|1|1|12|estrato_12|27|8|34|9|4|0|14|0|10|18|3|1|0|5|0|0|4|0|18|2|1|4|2|0|27|12|4|4|8|8|0|0|200|0|12|69|68|27|8|4|4|8
32|3|1658|B|1|0|R|105|51|12|3|3|10|estrato_10|80|4|9|2|1|0|3|1|2|4|0|0|0|2|1|1|1|0|2|5|0|0|0|1|5|3|1|0|0|0|0|0|48|1|3|20|18|5|0|1|0|0
32|4|0443|B|1|0|U|501|16|8|4|4|14|estrato_14|3|11|43|11|3|2|18|2|6|18|1|1|2|8|2|1|7|4|17|8|2|6|7|2|21|17|3|2|11|8|0|1|245|2|17|90|90|21|11|3|2|8
32|2|0662|B|1|0|R|166|20|10|2|2|9|estrato_9|20|3|13|5|3|1|6|1|2|10|1|0|0|6|0|0|2|1|7|4|3|1|3|0|9|5|3|1|2|4|1|2|99|0|5|32|40|9|2|3|1|4
32|4|1896|C|1|0|U|380|17|4|4|4|7|estrato_7|64|5|39|6|6|2|12|2|3|16|3|1|0|7|1|2|6|1|9|8|5|2|1|0|23|17|2|1|3|6|0|3|192|0|17|72|65|23|3|2|1|6
32|1|0141|B|1|0|U|491|10|5|1|1|1|estrato_1|39|6|31|15|4|0|19|1|8|15|3|0|3|4|3|3|4|2|15|11|3|6|4|4|22|23|3|2|6|5|0|5|230|4|23|76|84|22|6|3|2|5
32|4|0469|C|1|0|U|647|17|4|4|4|7|estrato_7|62|10|39|13|5|4|22|2|11|27|4|1|4|16|3|3|14|4|21|7|6|12|7|1|41|24|5|4|3|7|1|2|323|1|24|95|140|41|3|5|4|7
32|2|1079|B|1|0|R|183|36|8|2|2|9|estrato_9|79|10|21|4|4|2|7|0|1|5|0|1|1|4|3|0|3|1|8|1|1|1|4|1|8|8|2|1|1|2|0|2|107|1|8|48|34|8|1|2|1|2
32|1|0241|B|1|0|R|241|10|7|1|1|8|estrato_8|88|5|23|7|1|0|7|2|3|7|4|1|1|4|0|0|5|0|9|5|4|2|1|0|8|11|3|2|5|2|0|3|125|0|11|45|46|8|5|3|2|2
32|4|0547|B|1|0|R|400|17|4|4|4|14|estrato_14|42|13|22|7|7|1|17|0|5|15|3|0|3|4|1|0|12|2|17|6|4|3|7|0|17|16|4|1|7|6|0|2|202|0|16|67|82|17|7|4|1|6
32|3|0846|B|1|0|R|138|26|12|3|3|10|estrato_10|12|1|17|4|1|0|7|0|3|6|0|0|0|5|0|0|1|0|3|1|1|2|2|0|9|1|2|1|2|2|0|0|71|0|1|30|24|9|2|2|1|2
32|4|0472|C|1|0|U|629|17|3|4|4|7|estrato_7|35|9|38|12|12|3|14|1|12|21|8|0|1|12|2|0|8|3|19|10|7|12|4|0|36|20|3|5|14|8|0|3|297|0|20|89|119|36|14|3|5|8
32|1|0212|C|1|0|M|619|10|7|1|1|4|estrato_4|101|11|36|10|9|3|39|4|13|24|2|0|3|21|4|1|9|2|31|9|3|6|6|1|37|26|5|1|8|4|0|2|330|1|26|112|134|37|8|5|1|4
32|3|1848|B|1|0|U|434|56|1|3|3|3|estrato_3|139|10|36|7|6|0|15|0|7|20|2|0|1|8|2|0|5|1|21|4|2|10|8|2|16|18|4|3|7|2|0|3|220|2|18|74|91|16|7|4|3|2
32|3|1193|B|1|0|U|385|39|18|3|3|6|estrato_6|64|2|25|11|6|3|15|1|11|19|3|2|0|7|2|1|6|1|14|7|3|3|4|0|19|19|4|1|6|5|1|3|204|0|19|63|83|19|6|4|1|5
32|2|1542|B|1|0|M|116|49|7|2|2|9|estrato_9|194|1|6|2|1|1|2|0|2|6|0|1|1|3|0|3|2|0|6|3|2|2|2|0|4|3|0|0|0|3|0|1|57|0|3|13|33|4|0|0|0|3
32|4|0463|C|2|0|U|606|17|4|4|4|7|estrato_7|57|7|48|12|10|4|24|2|16|28|4|1|2|10|3|2|10|1|19|9|6|11|4|4|23|24|4|6|9|10|0|2|315|4|24|107|126|23|9|4|6|10
32|2|1430|C|1|0|R|385|45|14|2|2|9|estrato_9|160|4|34|6|7|3|12|0|6|16|2|0|2|5|0|0|4|1|8|9|5|3|3|2|26|16|3|1|4|3|0|0|185|2|16|66|64|26|4|3|1|3
32|1|0047|B|1|0|U|398|5|2|1|1|1|estrato_1|9|3|29|15|4|1|18|1|9|13|0|0|1|6|1|3|5|1|10|4|1|7|0|0|31|13|6|2|9|7|1|3|204|0|13|71|61|31|9|6|2|7
32|3|1287|B|1|0|R|351|41|12|3|3|13|estrato_13|5|6|23|9|5|1|22|0|9|11|2|0|0|6|2|0|8|0|9|7|1|2|6|3|15|13|1|1|1|5|1|0|169|3|13|66|63|15|1|1|1|5
