335
ID_ESTADO|ID_DISTRITO_FEDERAL|SECCION|TIPO_CASILLA|ID_CASILLA|EXT_CONTIGUA|TIPO_SECCION|LISTA_NOMINAL|ID_MUNICIPIO|ID_DIST_LOC|ID_ESTRATO_F|ESTRATO_F|ID_ESTRATO_L|ESTRATO_L|ID_AREA_RESPONSABILIDAD|PAN|PRI|PRD|PAN_PRI_PRD|PAN_PRI|PAN_PRD|PRI_PRD|PT|PVEM|MORENA|PANAL|PT_PVEM_MORENA_PANAL|PT_PVEM_MORENA|PT_PVEM_PANAL|PT_MORENA_PANAL|PVEM_MORENA_PANAL|PT_PVEM|PT_MORENA|PT_PANAL|PVEM_MORENA|PVEM_PANAL|MORENA_PANAL|MC|PAZ|MD|PP|PES|RSP|FPM|CNR|NULOS|TOTAL|AMRF|C_MD|CEAM|DMA|FCM|FSPT|JVB|MGMP|MGZ
32|3|1227|C|1|0|M|426|39|16|3|3|10|estrato_10|54|6|30|9|9|1|17|1|11|12|0|2|0|5|6|1|5|3|15|6|2|7|2|1|20|19|2|4|6|3|2|3|210|1|19|73|77|20|6|2|4|3
32|3|1803|B|1|0|U|696|56|2|3|3|6|estrato_6|109|14|54|12|12|2|22|1|19|17|5|1|1|9|4|4|14|3|21|6|10|11|6|2|42|29|8|3|9|13|0|6|360|2|29|117|131|42|9|8|3|13
32|4|1905|B|1|0|U|667|17|4|4|4|7|estrato_7|67|12|41|12|5|1|27|0|18|24|6|2|4|10|1|5|8|4|20|6|7|14|7|3|33|32|4|3|8|11|0|2|330|3|32|98|136|33|8|4|3|11
32|3|1787|B|1|0|U|338|56|2|3|3|3|estrato_3|104|7|22|5|7|0|16|1|4|9|2|2|1|9|4|1|1|0|17|2|4|6|1|1|22|15|3|2|7|5|2|1|179|1|15|58|63|22|7|3|2|5
32|4|1028|C|1|0|R|477|35|9|4|4|14|estrato_14|86|13|38|12|7|3|14|1|11|14|2|0|1|18|0|0|5|3|19|8|5|6|9|1|16|23|3|7|1|5|0|4|249|1|23|88|101|16|1|3|7|5
32|2|1750|B|1|0|R|199|55|11|2|2|9|estrato_9|42|5|15|3|5|1|7|0|2|8|2|0|0|7|1|0|2|1|6|7|0|1|3|1|8|7|2|1|3|2|0|0|100|1|7|36|40|8|3|2|1|2
32|3|1841|B|1|0|U|400|56|1|3|3|3|estrato_3|124|7|42|10|4|2|17|1|6|14|2|2|1|5|4|1|4|2|10|9|4|8|4|2|21|12|7|0|4|7|0|1|213|2|12|83|76|21|4|7|0|7
32|2|0694|B|1|0|R|488|20|10|2|2|2|estrato_2|27|8|42|8|7|2|29|0|8|14|2|2|0|10|4|0|8|5|11|12|0|7|8|0|34|19|0|3|5|5|1|4|258|0|19|96|91|34|5|0|3|5
32|3|0400|B|1|0|R|303|14|18|3|3|10|estrato_10|52|4|23|4|7|0|11|0|4|7|3|0|2|4|2|0|3|3|13|5|1|1|5|1|11|18|4|2|7|6|0|1|152|1|18|49|53|11|7|4|2|6
32|4|0469|C|1|0|U|647|17|4|4|4|7|estrato_7|62|10|39|13|5|4|22|2|11|27|4|1|4|16|3|3|14|4|21|7|6|12|7|1|41|24|5|4|3|7|1|2|323|1|24|95|140|41|3|5|4|7
32|1|0154|C|2|0|U|513|10|5|1|1|4|estrato_4|38|8|36|12|2|2|19|2|11|19|4|0|4|6|6|1|7|2|16|9|5|7|8|0|28|21|5|3|9|9|1|4|266|0|21|81|105|28|9|5|3|9
32|3|0724|B|1|0|M|674|22|18|3|3|3|estrato_3|37|11|54|19|7|2|19|2|16|17|3|0|4|12|4|2|7|5|18|12|5|5|8|2|29|27|7|4|10|14|0|6|331|2|27|114|118|29|10|7|4|14
32|3|0726|B|1|0|U|708|22|18|3|3|6|estrato_6|35|14|53|15|13|3|28|0|18|23|4|0|1|9|3|0|4|3|21|13|4|10|2|2|38|25|6|4|10|10|0|3|339|2|25|126|115|38|10|6|4|10
32|4|1111|C|1|0|R|611|38|15|4|4|14|estrato_14|101|12|45|14|5|2|28|2|14|24|3|1|1|8|6|0|9|4|21|12|10|2|5|0|37|23|5|6|6|9|0|0|314|0|23|108|120|37|6|5|6|9
32|1|0200|B|1|0|U|658|10|6|1|1|4|estrato_4|62|15|56|17|5|2|28|1|13|13|3|1|2|8|3|1|13|2|27|12|4|6|7|3|24|26|6|7|10|6|0|1|322|3|26|124|115|24|10|6|7|6
32|4|0525|B|1|0|R|448|57|8|4|4|11|estrato_11|124|5|35|9|9|0|18|2|11|18|0|0|2|5|2|1|8|2|14|7|4|8|4|2|26|12|2|2|9|3|0|2|222|2|12|78|86|26|9|2|2|3
32|1|0067|B|1|0|U|413|6|16|1|1|1|estrato_1|15|8|32|9|7|1|19|0|4|17|1|1|1|7|4|1|3|3|11|5|3|6|3|1|19|15|3|2|2|8|0|1|197|1|15|76|70|19|2|3|2|8
32|3|0409|B|1|0|R|641|14|18|3|3|13|estrato_13|44|8|52|16|11|5|21|2|14|20|1|2|1|16|3|3|10|5|20|10|4|8|6|1|41|27|4|0|11|12|0|2|336|1|27|115|123|41|11|4|0|12
32|3|1640|C|2|0|M|570|51|12|3|3|10|estrato_10|94|9|34|6|6|2|28|0|16|20|1|3|3|10|1|2|8|2|11|11|5|10|12|0|33|31|5|3|9|3|0|3|287|0|31|85|115|33|9|5|3|3
32|2|1723|C|1|0|U|483|55|11|2|2|2|estrato_2|49|5|27|13|3|4|16|3|10|17|3|1|0|9|2|1|5|2|10|12|3|9|4|2|20|25|1|0|3|7|1|0|218|2|25|71|88|20|3|1|0|7
32|2|1425|B|1|0|R|127|45|14|2|2|9|estrato_9|158|1|12|4|2|0|12|0|2|4|0|0|0|1|0|0|1|0|5|0|1|2|3|0|4|3|0|0|2|2|0|1|62|0|3|31|19|4|2|0|0|2
32|2|1073|B|1|0|R|657|36|11|2|2|2|estrato_2|77|16|49|11|6|2|23|1|15|30|6|0|1|19|2|4|9|2|26|10|5|13|8|2|35|25|3|1|10|6|0|4|344|2|25|108|150|35|10|3|1|6
32|1|0246|B|1|0|M|511|10|5|1|1|12|estrato_12|48|8|32|8|4|4|18|3|16|17|1|0|0|8|1|3|5|2|21|13|2|14|3|0|20|18|3|2|6|9|0|6|247|0|18|77|106|20|6|3|2|9
32|2|0601|B|1|0|R|298|19|13|2|2|9|estrato_9|95|3|16|9|7|0|9|1|6|11|2|1|0|6|2|2|3|1|11|7|1|2|2|0|15|11|2|0|1|6|0|2|139|0|11|45|57|15|1|2|0|6
32|4|0461|B|1|0|U|618|17|3|4|4|7|estrato_7|25|9|38|9|8|0|23|2|10|17|6|1|2|19|2|0|10|2|23|11|3|14|4|1|39|33|1|3|11|8|3|6|318|1|33|89|124|39|11|1|3|8
32|2|1570|B|1|0|R|224|49|7|2|2|2|estrato_2|189|3|15|6|2|0|8|2|3|10|2|0|0|5|2|0|2|0|8|3|3|4|4|1|13|6|2|2|4|5|0|0|115|1|6|36|46|13|4|2|2|5
32|3|0903|C|1|0|R|640|29|18|3|3|10|estrato_10|32|9|42|11|11|4|24|1|11|10|1|1|4|8|6|3|7|2|25|13|2|10|3|1|28|28|7|1|9|10|0|6|298|1|28|102|106|28|9|7|1|10
32|2|1052|B|1|0|M|427|36|8|2|2|9|estrato_9|85|14|34|8|7|2|15|3|8|13|1|0|0|10|3|2|7|1|13|3|7|6|4|2|24|21|1|2|5|7|0|1|224|2|21|83|78|24|5|1|2|7
32|2|1476|B|1|0|R|152|47|14|2|2|9|estrato_9|167|1|11|7|1|1|5|2|2|8|0|0|1|6|3|1|1|1|8|3|0|5|1|0|8|5|0|1|3|2|0|0|87|0|5|28|40|8|3|0|1|2
32|2|0925|B|1|0|R|109|31|10|2|2|9|estrato_9|38|1|10|1|0|0|4|0|2|6|2|0|0|1|0|0|3|0|4|3|3|1|0|0|5|3|0|0|2|3|0|0|54|0|3|16|25|5|2|0|0|3
32|4|1142|B|1|0|R|509|38|15|4|4|14|estrato_14|116|10|34|15|11|5|18|2|10|21|4|0|2|6|5|1|9|2|7|9|5|8|7|1|19|24|1|5|7|10|0|4|262|1|24|95|96|19|7|1|5|10
32|3|0832|B|1|0|R|247|26|12|3|3|10|estrato_10|13|3|27|4|1|0|10|0|5|12|2|0|0|3|5|0|5|2|14|4|1|4|4|0|9|7|1|1|2|2|0|0|128|0|7|45|61|9|2|1|1|2
32|4|0516|B|1|0|R|682|57|8|4|4|11|estrato_11|123|12|54|21|13|5|24|1|11|28|3|1|3|15|3|2|8|1|16|15|5|8|9|2|34|20|6|5|6|9|0|3|343|2|20|130|128|34|6|6|5|9
32|2|1723|B|1|0|U|483|55|11|2|2|2|estrato_2|49|8|39|13|4|0|13|3|7|16|4|1|2|8|3|1|11|1|13|8|4|9|2|0|24|11|5|1|8|7|0|4|230|0|11|80|90|24|8|5|1|7
32|2|1437|B|1|0|R|163|46|10|2|2|2|estrato_2|33|5|9|1|3|1|4|0|6|4|0|0|1|3|1|0|3|0|8|1|3|3|1|1|8|9|3|3|2|3|0|0|86|1|9|23|34|8|2|3|3|3
32|3|1783|B|1|0|U|551|56|2|3|3|6|estrato_6|104|6|48|11|15|1|22|1|10|15|1|1|0|15|2|1|6|0|16|12|6|13|8|2|27|25|5|6|6|11|0|3|295|2|25|104|106|27|6|5|6|11
32|2|0982|B|1|0|M|500|34|13|2|2|2|estrato_2|125|8|32|9|7|1|28|2|9|22|3|2|0|8|2|1|8|1|9|10|6|9|3|2|18|15|9|1|8|7|0|7|247|2|15|87|93|18|8|9|1|7
32|1|0169|B|1|0|U|701|10|6|1|1|4|estrato_4|65|21|51|13|11|1|26|1|11|30|2|2|1|10|3|3|9|3|25|16|6|10|10|5|34|30|9|2|10|12|0|2|369|5|30|124|141|34|10|9|2|12
32|2|0617|B|1|0|U|654|20|10|2|2|5|estrato_5|4|11|60|11|7|6|20|1|9|20|8|0|1|7|3|2|12|2|22|13|3|12|6|1|29|21|4|5|11|9|1|2|319|1|21|116|120|29|11|4|5|9
32|3|1606|C|1|0|R|517|50|4|3|3|6|estrato_6|159|8|39|16|6|4|25|0|6|20|2|1|1|12|5|0|4|3|17|3|3|11|3|3|25|28|2|5|4|6|0|2|264|3|28|98|91|25|4|2|5|6
32|3|1818|C|1|0|U|436|56|1|3|3|6|estrato_6|125|9|36|9|3|1|17|0|8|15|2|0|1|10|1|1|1|0|13|8|2|5|5|0|15|23|1|2|8|7|0|3|206|0|23|75|72|15|8|1|2|7
32|1|0258|B|1|0|R|205|10|7|1|1|8|estrato_8|92|2|13|7|4|0|9|0|6|5|2|0|1|3|4|0|1|1|5|6|2|2|2|0|16|11|2|0|5|2|0|1|112|0|11|35|40|16|5|2|0|2
32|1|0212|C|1|0|M|619|10|7|1|1|4|estrato_4|101|11|36|10|9|3|39|4|13|24|2|0|3|21|4|1|9|2|31|9|3|6|6|1|37|26|5|1|8|4|0|2|330|1|26|112|134|37|8|5|1|4
32|3|1234|B|1|0|M|549|39|18|3|3|3|estrato_3|63|8|44|14|7|0|15|0|8|17|7|5|3|14|4|2|7|3|15|7|4|5|5|4|26|22|4|2|10|6|1|2|271|4|22|88|106|26|10|4|2|6
32|4|1690|B|1|0|R|437|54|15|4|4|11|estrato_11|140|8|37|8|2|0|14|3|10|18|2|1|1|11|1|2|3|2|18|13|2|10|4|3|25|15|6|1|6|6|0|2|234|3|15|72|98|25|6|6|1|6
32|4|1679|C|1|0|M|477|53|8|4|4|7|estrato_7|137|5|41|7|6|2|16|2|10|28|2|1|1|10|3|2|5|1|16|5|2|12|9|2|26|13|2|1|7|7|1|2|247|2|13|79|107|26|7|2|1|7
32|4|0510|C|4|0|U|603|17|3|4|4|7|estrato_7|22|10|40|14|8|1|21|1|13|15|8|1|0|12|2|2|4|2|26|10|6|7|8|2|31|24|7|3|6|7|0|4|295|2|24|95|116|31|6|7|3|7
32|1|0070|B|1|0|R|427|6|16|1|1|12|estrato_12|16|7|29|8|5|3|13|0|10|15|4|2|1|5|8|2|2|1|15|9|4|5|2|0|21|21|3|1|8|4|0|3|211|0|21|65|85|21|8|3|1|4
32|2|1465|B|1|0|M|411|47|14|2|2|5|estrato_5|165|11|41|11|5|0|15|0|9|13|1|2|1|7|1|0|4|2|16|8|3|6|4|1|23|19|5|2|8|5|0|1|224|1|19|83|77|23|8|5|2|5
32|2|0634|B|1|0|U|401|20|10|2|2|2|estrato_2|28|3|35|4|7|1|14|1|15|7|1|1|0|7|2|1|8|2|6|8|4|8|3|2|17|14|3|6|13|7|0|3|203|2|14|65|73|17|13|3|6|7
32|2|1752|B|1|0|R|157|55|11|2|2|9|estrato_9|43|4|16|2|1|0|2|1|3|3|0|0|0|4|1|0|2|0|7|2|2|1|2|1|5|10|1|0|1|8|0|1|80|1|10|26|27|5|1|1|0|8
32|2|1069|B|1|0|U|481|36|8|2|2|2|estrato_2|79|7|34|6|9|0|20|2|13|13|0|1|2|14|3|2|5|1|17|2|2|7|4|2|28|21|5|2|3|10|0|4|239|2|21|78|86|28|3|5|2|10
32|4|0547|B|1|0|R|400|17|4|4|4|14|estrato_14|42|13|22|7|7|1|17|0|5|15|3|0|3|4|1|0|12|2|17|6|4|3|7|0|17|16|4|1|7|6|0|2|202|0|16|67|82|17|7|4|1|6
32|3|1821|C|1|0|U|539|56|1|3|3|6|estrato_6|135|7|44|13|7|2|15|1|8|21|3|0|1|15|6|4|9|4|23|9|3|7|11|1|24|24|7|3|5|7|0|3|287|1|24|89|124|24|5|7|3|7
32|3|1820|C|4|0|U|662|56|1|3|3|6|estrato_6|134|11|46|21|5|4|20|1|7|18|4|1|1|14|2|5|9|7|22|8|5|9|3|1|39|24|10|5|5|8|0|1|316|1|24|108|115|39|5|10|5|8
32|3|0424|B|1|0|R|146|14|18|3|3|10|estrato_10|44|2|13|3|3|0|5|0|1|5|0|0|0|1|0|2|1|0|2|3|0|1|1|0|7|4|4|0|1|6|0|1|66|0|4|26|17|7|1|4|0|6
32|2|0687|B|1|0|R|189|20|10|2|2|9|estrato_9|15|4|17|6|3|0|7|0|5|10|2|1|0|1|3|0|2|1|9|2|1|1|1|1|6|7|1|2|1|2|0|1|97|1|7|37|39|6|1|1|2|2
32|1|0047|B|1|0|U|398|5|2|1|1|1|estrato_1|9|3|29|15|4|1|18|1|9|13|0|0|1|6|1|3|5|1|10|4|1|7|0|0|31|13|6|2|9|7|1|3|204|0|13|71|61|31|9|6|2|7
32|1|1309|C|1|0|U|471|42|17|1|1|8|estrato_8|120|6|39|7|8|4|17|0|8|17|4|1|3|1|1|1|7|0|12|6|4|8|4|1|22|21|3|4|7|4|1|0|221|1|21|81|77|22|7|3|4|4
32|2|1385|B|1|0|M|609|43|10|2|2|9|estrato_9|24|12|48|9|4|2|20|2|9|13|2|0|1|22|2|2|10|1|25|13|3|6|5|0|26|16|5|3|4|15|0|8|288|0|16|97|114|26|4|5|3|15
32|3|0846|B|1|0|R|138|26|12|3|3|10|estrato_10|12|1|17|4|1|0|7|0|3|6|0|0|0|5|0|0|1|0|3|1|1|2|2|0|9|1|2|1|2|2|0|0|71|0|1|30|24|9|2|2|1|2
32|4|1687|C|1|0|M|514|54|15|4|4|7|estrato_7|145|7|39|10|8|3|22|1|7|10|3|0|2|10|4|0|5|3|15|7|4|8|6|1|28|17|2|2|6|11|0|2|243|1|17|90|84|28|6|2|2|11
32|4|0470|E|3|1|M|638|17|4|4|4|7|estrato_7|54|10|40|12|8|3|22|3|13|20|1|2|2|15|6|3|10|5|28|9|2|8|8|2|26|26|6|4|6|8|1|5|314|2|26|98|132|26|6|6|4|8
32|4|0539|C|1|0|M|673|17|3|4|4|14|estrato_14|13|17|62|8|6|3|22|2|12|22|3|3|2|14|4|4|11|1|23|13|5|12|4|2|36|22|9|2|9|9|0|3|345|2|22|120|133|36|9|9|2|9
32|1|1319|B|1|0|R|628|42|17|1|1|8|estrato_8|119|8|47|17|5|4|25|2|15|16|4|1|0|16|0|1|10|4|20|9|10|11|9|3|39|24|6|2|4|5|0|9|326|3|24|108|126|39|4|6|2|5
32|1|0277|C|1|0|M|530|10|5|1|1|4|estrato_4|43|7|46|13|7|4|16|2|9|13|3|1|0|10|4|2|9|3|17|2|3|9|6|0|27|23|5|5|4|8|0|3|261|0|23|95|91|27|4|5|5|8
32|3|1228|B|1|0|U|615|39|16|3|3|10|estrato_10|54|9|42|16|8|3|26|1|15|24|2|0|3|15|1|2|7|3|22|10|10|8|10|2|37|18|3|4|7|12|0|1|321|2|18|105|132|37|7|3|4|12
32|1|0250|B|1|0|M|593|10|5|1|1|12|estrato_12|28|12|41|13|9|1|24|3|14|16|0|1|1|10|2|2|8|2|15|16|5|7|6|2|35|20|9|2|9|8|0|2|295|2|20|103|105|35|9|9|2|8
32|2|1487|B|1|0|U|378|48|14|2|2|5|estrato_5|150|6|24|14|4|4|16|1|5|9|1|0|0|7|3|4|3|0|11|7|3|10|4|2|15|21|3|3|3|14|0|1|198|2|21|69|67|15|3|3|3|14
32|2|0559|B|1|0|R|295|18|13|2|2|9|estrato_9|100|7|25|6|2|0|3|2|3|10|3|0|0|8|0|2|4|1|9|5|2|6|4|1|14|12|3|0|4|4|0|2|142|1|12|45|57|14|4|3|0|4
32|3|0949|C|1|0|M|495|32|2|3|3|6|estrato_6|155|8|37|9|5|2|19|1|10|15|3|0|1|10|1|3|8|2|13|8|3|8|5|5|29|20|3|1|8|12|0|3|252|5|20|81|90|29|8|3|1|12
32|1|1270|B|1|0|R|468|40|16|1|1|12|estrato_12|117|14|31|11|4|3|12|1|15|17|5|0|0|11|3|2|9|4|12|11|3|3|7|2|27|25|4|1|7|6|0|3|253|2|25|76|102|27|7|4|1|6
32|1|0240|C|1|0|U|524|10|7|1|1|12|estrato_12|87|9|41|9|6|4|16|1|12|12|0|1|3|8|0|3|5|3|12|16|2|10|9|3|27|19|3|4|10|7|1|3|259|3|19|86|96|27|10|3|4|7
32|1|0244|B|1|0|M|413|10|5|1|1|12|estrato_12|27|8|34|9|4|0|14|0|10|18|3|1|0|5|0|0|4|0|18|2|1|4|2|0|27|12|4|4|8|8|0|0|200|0|12|69|68|27|8|4|4|8
32|2|0572|B|1|0|U|617|19|13|2|2|5|estrato_5|93|8|60|10|8|0|26|2|21|17|5|1|1|11|2|2|9|3|19|6|11|9|13|0|34|20|5|1|10|5|0|2|321|0|20|114|130|34|10|5|1|5
32|2|1046|B|1|0|M|405|36|8|2|2|2|estrato_2|83|7|24|10|8|2|14|1|6|14|2|1|1|10|2|2|4|2|12|9|4|9|3|3|17|11|2|4|8|4|1|1|198|3|11|66|81|17|8|2|4|4
32|4|0470|C|4|0|M|657|17|4|4|4|7|estrato_7|51|14|49|15|7|1|20|0|12|22|4|0|3|15|6|5|6|1|14|7|9|12|2|0|35|24|9|5|10|5|1|1|314|0|24|106|118|35|10|9|5|5
32|2|0928|B|1|0|M|561|31|10|2|2|2|estrato_2|39|9|36|13|10|0|12|1|10|24|1|1|0|12|5|2|6|4|14|6|10|18|9|1|32|22|1|8|4|10|0|4|285|1|22|81|122|32|4|1|8|10
32|1|0311|B|1|0|R|540|10|7|1|1|12|estrato_12|103|9|40|11|3|1|18|0|12|14|5|2|2|3|1|0|5|0|13|8|6|7|6|3|26|28|3|4|10|7|0|4|251|3|28|82|84|26|10|3|4|7
32|3|1197|B|1|0|U|534|39|16|3|3|10|estrato_10|61|8|38|4|4|1|21|1|11|17|4|0|1|20|7|0|1|1|15|14|4|8|4|1|25|20|3|3|4|7|1|4|252|1|20|77|107|25|4|3|3|7
32|1|0320|B|1|0|R|146|10|7|1|1|8|estrato_8|105|2|10|1|2|0|5|0|4|3|1|0|0|4|0|0|2|0|4|4|1|0|1|1|5|10|0|1|2|4|0|0|67|1|10|20|24|5|2|0|1|4
32|1|0069|C|1|0|R|388|6|16|1|1|8|estrato_8|16|5|26|10|5|0|9|1|7|10|0|1|1|5|2|0|3|2|17|7|4|5|4|0|17|22|4|7|3|5|0|4|186|0|22|56|68|17|3|4|7|5
32|2|0644|B|1|0|U|685|20|10|2|2|2|estrato_2|9|8|71|13|4|1|22|4|15|17|2|3|2|17|4|1|7|3|15|12|4|18|8|2|37|27|8|4|10|14|0|4|357|2|27|123|128|37|10|8|4|14
32|2|0106|C|1|0|U|440|8|11|2|2|9|estrato_9|63|10|37|10|6|4|20|1|7|9|2|0|1|10|1|2|5|0|16|3|6|6|6|1|23|22|2|2|3|7|2|3|227|1|22|88|74|23|3|2|2|7
32|4|0789|B|1|0|R|484|24|9|4|4|4|estrato_4|78|7|34|9|4|1|21|1|12|23|3|0|4|12|5|2|8|1|16|11|10|6|6|1|25|15|7|1|3|7|0|1|256|1|15|77|119|25|3|7|1|7
32|4|1098|B|1|0|R|338|38|15|4|4|14|estrato_14|93|5|23|7|7|0|12|3|5|7|2|2|0|5|0|0|3|2|18|3|2|5|4|0|18|12|3|0|2|3|0|2|155|0|12|57|58|18|2|3|0|3
32|2|1760|B|1|0|R|206|55|11|2|2|9|estrato_9|53|3|19|7|2|3|8|1|3|7|1|0|1|5|1|0|5|1|8|4|2|2|0|0|12|9|1|0|4|3|0|2|114|0|9|43|40|12|4|1|0|3
32|4|1033|C|1|0|R|459|35|9|4|4|14|estrato_14|90|7|43|6|11|1|22|1|10|17|1|1|1|10|1|1|7|1|17|5|2|9|3|3|27|13|5|0|7|10|0|2|244|3|13|91|86|27|7|5|0|10
32|1|1347|B|1|0|R|406|42|17|1|1|8|estrato_8|131|7|29|7|5|0|15|0|10|6|2|1|2|9|4|2|5|2|13|7|4|5|8|3|16|19|2|4|2|10|0|2|201|3|19|63|80|16|2|2|4|10
32|2|1726|B|1|0|M|586|55|11|2|2|5|estrato_5|50|14|43|23|8|0|21|2|13|21|2|2|4|9|2|1|7|1|19|7|7|14|5|1|31|21|8|3|5|9|0|3|306|1|21|111|114|31|5|8|3|9
32|3|1790|B|1|0|U|414|56|2|3|3|6|estrato_6|130|7|26|9|3|2|12|1|9|9|2|3|2|13|1|0|7|1|12|14|1|3|2|1|23|13|3|0|8|4|0|3|194|1|13|60|79|23|8|3|0|4
32|3|1819|B|1|0|U|529|56|1|3|3|6|estrato_6|131|10|43|9|6|2|25|2|11|13|2|0|2|15|1|4|2|0|21|5|1|9|5|0|25|18|3|2|8|7|0|4|255|0|18|97|91|25|8|3|2|7
32|3|1080|B|1|0|M|484|37|12|3|3|3|estrato_3|98|5|37|13|3|2|22|1|13|13|2|0|1|6|0|3|6|1|17|5|4|7|7|0|23|19|4|1|2|6|0|5|228|0|19|83|85|23|2|4|1|6
32|3|1844|C|1|0|U|475|56|1|3|3|6|estrato_6|128|7|28|12|9|2|18|2|12|20|1|0|1|7|1|2|3|7|15|12|2|8|6|2|25|20|3|7|9|4|0|1|246|2|20|78|97|25|9|3|7|4
32|3|0886|B|1|0|U|561|29|18|3|3|6|estrato_6|24|16|45|17|7|2|20|0|13|16|2|1|1|9|4|2|6|2|17|9|5|7|8|1|34|28|2|4|10|9|0|1|298|1|28|107|102|34|10|2|4|9
32|1|0297|B|1|0|R|298|10|6|1|1|8|estrato_8|78|4|20|5|3|2|9|1|8|11|0|0|0|9|0|0|5|1|16|7|3|8|0|1|14|10|5|1|1|10|0|2|156|1|10|44|68|14|1|5|1|10
32|2|0669|E|1|0|R|80|20|10|2|2|2|estrato_2|20|1|13|1|2|0|0|1|1|4|0|0|0|0|1|0|0|1|0|1|0|1|0|1|7|6|2|1|1|1|0|0|46|1|6|18|9|7|1|2|1|1
32|2|0681|B|1|0|R|122|20|10|2|2|9|estrato_9|13|2|9|4|1|0|4|2|1|3|0|0|1|3|0|0|1|1|3|0|1|0|1|0|4|8|0|1|2|2|0|1|55|0|8|22|15|4|2|0|1|2
32|4|1666|B|1|0|R|530|52|9|4|4|14|estrato_14|130|8|39|15|7|4|26|1|7|23|1|0|0|5|1|2|8|2|19|6|5|13|2|0|34|14|5|4|1|10|0|1|263|0|14|100|94|34|1|5|4|10
32|3|1825|B|1|0|U|431|56|1|3|3|6|estrato_6|127|7|36|13|2|2|17|1|10|15|3|2|1|8|3|0|8|0|19|4|3|6|5|1|16|26|2|3|9|8|1|4|235|1|26|78|87|16|9|2|3|8
32|2|1452|B|1|0|U|442|46|10|2|2|9|estrato_9|32|9|29|11|6|0|17|0|7|16|0|1|0|8|1|1|9|2|15|2|4|6|3|0|20|25|3|1|2|7|0|4|209|0|25|72|75|20|2|3|1|7
32|2|0005|B|1|0|R|316|1|14|2|2|2|estrato_2|127|3|32|7|5|0|13|0|8|15|2|1|2|8|2|1|7|1|10|2|1|12|6|1|16|10|2|0|4|4|0|0|175|1|10|60|78|16|4|2|0|4
32|3|1848|B|1|0|U|434|56|1|3|3|3|estrato_3|139|10|36|7|6|0|15|0|7|20|2|0|1|8|2|0|5|1|21|4|2|10|8|2|16|18|4|3|7|2|0|3|220|2|18|74|91|16|7|4|3|2
32|1|0158|B|1|0|U|401|10|6|1|1|1|estrato_1|65|5|24|7|5|1|13|2|9|17|2|1|0|8|3|1|7|2|11|6|4|5|7|1|14|10|3|2|5|3|0|1|179|1|10|57|83|14|5|3|2|3
32|1|1297|C|1|0|U|413|42|17|1|1|1|estrato_1|139|6|26|12|4|3|12|0|10|7|1|2|2|6|5|2|5|1|11|6|4|6|5|1|23|15|3|1|7|8|0|3|197|1|15|63|73|23|7|3|1|8
32|2|1438|B|1|0|R|207|46|10|2|2|9|estrato_9|35|1|15|0|1|0|5|0|3|4|0|0|0|4|0|1|2|1|13|3|0|3|3|1|14|8|0|2|2|3|0|2|91|1|8|22|37|14|2|0|2|3
32|2|1443|B|1|0|M|339|46|10|2|2|9|estrato_9|33|4|26|5|5|2|13|0|6|16|1|2|2|5|2|1|4|1|12|4|2|2|6|0|15|12|2|4|3|3|0|3|163|0|12|55|66|15|3|2|4|3
32|1|0279|C|1|0|R|453|10|7|1|1|12|estrato_12|96|4|32|8|11|1|16|0|12|16|1|1|0|5|7|1|7|1|16|3|3|10|4|1|27|25|2|1|6|6|0|2|229|1|25|72|87|27|6|2|1|6
32|1|1302|C|1|0|M|441|42|17|1|1|1|estrato_1|135|8|33|8|4|0|20|0|9|13|0|2|2|4|2|1|6|1|16|10|5|11|4|2|14|12|4|2|7|7|2|4|213|2|12|73|86|14|7|4|2|7
32|3|0408|E|1|0|R|280|14|18|3|3|13|estrato_13|43|2|19|4|0|0|12|1|4|9|2|1|0|4|1|1|4|1|10|9|4|2|4|0|13|10|6|3|7|2|0|2|137|0|10|38|56|13|7|6|3|2
32|4|0464|B|1|0|U|502|17|4|4|4|7|estrato_7|58|5|40|8|5|2|14|2|12|13|0|3|3|6|1|1|5|3|17|8|5|12|8|0|16|16|5|4|9|7|0|5|235|0|16|76|97|16|9|5|4|7
32|2|1486|C|1|0|U|511|48|14|2|2|5|estrato_5|150|7|52|14|4|1|18|3|14|20|4|2|2|4|1|0|4|0|24|8|4|10|6|0|16|21|6|4|6|8|0|3|266|0|21|99|103|16|6|6|4|8
32|3|1639|C|1|0|M|405|51|12|3|3|10|estrato_10|93|10|23|7|2|3|18|0|5|11|2|2|2|9|2|1|6|3|16|6|3|5|3|0|18|16|6|2|4|3|0|2|190|0|16|63|76|18|4|6|2|3
32|4|0493|C|1|0|U|378|17|3|4|4|4|estrato_4|36|7|25|7|2|1|13|3|6|11|4|0|1|9|2|2|6|2|15|6|2|4|4|1|17|18|6|2|4|5|0|2|187|1|18|58|74|17|4|6|2|5
32|1|1274|C|1|0|M|398|40|16|1|1|8|estrato_8|112|5|31|12|4|1|22|1|15|17|4|1|0|3|1|0|6|0|8|5|2|6|1|1|25|16|4|1|2|6|0|4|204|1|16|76|69|25|2|4|1|6
32|2|1542|B|1|0|M|116|49|7|2|2|9|estrato_9|194|1|6|2|1|1|2|0|2|6|0|1|1|3|0|3|2|0|6|3|2|2|2|0|4|3|0|0|0|3|0|1|57|0|3|13|33|4|0|0|0|3
32|2|1547|B|1|0|R|170|49|7|2|2|9|estrato_9|193|1|11|2|4|2|10|2|4|5|1|1|1|2|1|1|2|0|7|3|0|5|1|1|8|6|4|0|6|2|0|0|93|1|6|32|34|8|6|4|0|2
32|1|0054|C|3|0|M|625|5|2|1|1|1|estrato_1|10|8|56|13|7|3|30|1|9|21|6|1|2|9|3|3|12|2|20|11|4|6|8|2|39|22|5|5|12|6|1|3|330|2|22|118|117|39|12|5|5|6
32|3|1856|C|1|0|U|450|56|1|3|3|6|estrato_6|118|7|31|9|7|2|18|0|10|13|2|1|2|3|3|2|7|1|16|8|6|6|10|1|24|17|3|4|9|7|0|0|229|1|17|74|90|24|9|3|4|7
32|1|0125|E|1|0|R|191|9|17|1|1|8|estrato_8|18|2|13|4|2|2|12|1|2|4|2|0|0|3|2|0|2|0|7|2|2|3|4|1|7|8|0|1|4|6|0|0|96|1|8|36|33|7|4|0|1|6
32|1|1268|B|1|0|R|724|40|16|1|1|8|estrato_8|115|15|45|19|16|3|30|1|19|25|1|2|1|16|2|3|11|2|17|16|3|10|9|1|36|21|9|2|12|5|0|7|359|1|21|129|137|36|12|9|2|5
32|4|0532|C|1|0|U|551|57|8|4|4|7|estrato_7|127|11|39|7|12|5|21|0|15|15|3|2|1|8|1|2|11|1|19|7|2|6|6|2|28|27|5|6|8|6|0|3|279|2|27|95|99|28|8|5|6|6
32|3|0403|B|1|0|R|201|14|18|3|3|3|estrato_3|46|3|13|5|2|0|6|0|4|8|2|0|0|4|1|2|1|0|5|6|1|4|2|0|7|10|1|1|2|1|0|0|91|0|10|29|40|7|2|1|1|1
32|2|0968|B|1|0|U|686|34|13|2|2|5|estrato_5|111|5|56|14|8|1|27|0|11|22|4|0|1|12|4|2|5|3|22|7|11|9|6|3|37|22|5|6|9|10|0|11|333|3|22|111|119|37|9|5|6|10
32|4|1114|B|1|0|R|574|38|15|4|4|14|estrato_14|103|10|37|11|11|6|15|1|17|17|2|2|2|6|3|2|8|0|19|8|4|5|6|2|24|33|7|4|6|8|0|3|279|2|33|91|101|24|6|7|4|8
32|1|0060|B|1|0|R|126|5|2|1|1|8|estrato_8|11|6|10|2|2|1|1|0|4|6|0|0|1|2|1|1|1|2|4|1|2|1|1|0|8|7|0|2|1|1|0|1|69|0|7|22|27|8|1|0|2|1
32|4|1175|B|1|0|R|315|38|15|4|4|14|estrato_14|122|6|22|7|4|1|9|0|6|5|1|0|2|6|0|0|5|1|15|6|2|3|8|2|19|11|3|3|2|4|0|1|154|2|11|49|60|19|2|3|3|4
32|2|0679|B|1|0|U|407|20|10|2|2|9|estrato_9|13|10|36|6|4|2|20|0|9|11|4|0|5|4|1|1|4|3|18|4|6|6|9|2|22|14|1|4|8|4|0|3|221|2|14|78|85|22|8|1|4|4
32|2|1722|B|1|0|M|430|55|11|2|2|5|estrato_5|53|9|29|12|10|3|18|0|12|12|2|2|0|8|3|1|5|3|8|8|8|2|3|2|29|20|2|3|7|9|0|2|232|2|20|81|77|29|7|2|3|9
32|1|0381|B|1|0|R|429|13|6|1|1|8|estrato_8|84|9|35|8|3|3|15|3|12|17|2|1|2|12|1|1|5|2|16|6|3|7|2|3|22|12|7|1|7|4|0|2|223|3|12|76|89|22|7|7|1|4
32|3|0737|B|1|0|U|626|22|18|3|3|3|estrato_3|40|13|47|12|6|1|23|1|14|14|2|0|4|8|2|0|7|1|31|9|8|8|7|1|38|23|7|5|6|9|1|2|310|1|23|103|115|38|6|7|5|9
32|3|0413|C|1|0|R|459|14|18|3|3|13|estrato_13|47|11|41|10|4|2|18|0|11|12|4|0|1|8|1|2|6|0|21|7|8|4|7|2|26|20|1|2|5|5|1|2|242|2|20|86|92|26|5|1|2|5
32|1|0055|C|1|0|M|514|5|2|1|1|1|estrato_1|8|9|43|7|6|4|16|3|10|30|2|0|0|7|3|3|8|4|13|3|3|6|13|0|28|23|3|3|4|2|0|0|256|0|23|88|105|28|4|3|3|2
32|1|1290|C|3|0|M|702|42|17|1|1|1|estrato_1|134|8|54|9|12|0|22|1|18|32|1|1|1|17|3|2|6|2|34|12|7|4|5|2|37|25|6|6|6|14|0|2|349|2|25|106|145|37|6|6|6|14
32|1|1301|C|1|0|U|404|42|17|1|1|1|estrato_1|141|4|26|8|9|0|14|0|15|9|5|4|1|5|2|1|6|1|8|11|3|3|6|0|24|17|4|2|3|3|0|0|194|0|17|61|80|24|3|4|2|3
32|1|0229|B|1|0|U|739|10|5|1|1|4|estrato_4|24|16|45|13|10|3|19|1|16|24|3|0|4|14|4|2|12|1|19|7|6|14|4|1|49|26|7|10|9|11|0|1|351|1|26|107|130|49|9|7|10|11
32|3|0816|B|1|0|R|441|26|12|3|3|13|estrato_13|15|8|26|5|3|2|19|0|10|12|0|0|0|9|3|0|7|1|10|4|3|8|6|0|30|24|4|1|6|6|0|3|210|0|24|63|73|30|6|4|1|6
32|1|0283|B|1|0|R|387|10|7|1|1|8|estrato_8|90|6|24|9|8|3|12|1|10|15|5|0|0|7|0|2|2|3|17|5|4|3|2|2|15|13|4|5|3|6|0|1|187|2|13|63|75|15|3|4|5|6
32|4|0792|B|1|0|R|569|24|9|4|4|14|estrato_14|77|4|46|14|7|4|17|0|16|21|2|0|3|11|4|1|10|4|16|7|9|17|3|3|22|26|1|1|7|9|0|5|290|3|26|92|124|22|7|1|1|9
32|1|0122|B|1|0|M|346|9|17|1|1|8|estrato_8|17|6|26|3|6|1|13|1|6|7|1|1|3|9|4|1|3|2|8|5|2|3|1|2|18|15|2|3|6|9|0|3|170|2|15|56|56|18|6|2|3|9
32|2|1559|B|1|0|M|726|49|7|2|2|5|estrato_5|187|14|51|20|6|3|41|6|10|17|3|0|0|20|8|2|11|6|24|12|7|10|5|0|49|22|3|5|9|7|0|2|373|0|22|141|135|49|9|3|5|7
32|3|0847|B|1|0|R|118|26|12|3|3|13|estrato_13|23|2|8|6|1|0|4|0|0|4|2|0|1|3|0|1|2|0|3|2|1|3|0|0|2|4|2|0|0|3|0|0|54|0|4|21|22|2|0|2|0|3
32|2|0936|B|1|0|R|173|31|10|2|2|9|estrato_9|41|2|12|3|2|1|10|0|6|7|1|0|1|1|1|0|1|0|4|1|1|1|1|0|8|13|1|2|0|0|0|1|81|0|13|30|26|8|0|1|2|0
32|1|1383|B|1|0|R|160|42|17|1|1|8|estrato_8|142|4|11|2|3|0|10|0|2|1|1|0|1|5|0|0|2|0|5|2|1|1|3|0|7|7|1|1|3|1|0|2|76|0|7|30|24|7|3|1|1|1
32|3|0865|B|1|0|R|111|26|12|3|3|13|estrato_13|19|2|6|1|2|0|7|1|3|3|0|1|0|3|0|0|0|0|6|1|1|2|0|0|6|3|0|1|3|3|0|1|56|0|3|19|20|6|3|0|1|3
32|1|0241|B|1|0|R|241|10|7|1|1|8|estrato_8|88|5|23|7|1|0|7|2|3|7|4|1|1|4|0|0|5|0|9|5|4|2|1|0|8|11|3|2|5|2|0|3|125|0|11|45|46|8|5|3|2|2
32|4|0472|C|1|0|U|629|17|3|4|4|7|estrato_7|35|9|38|12|12|3|14|1|12|21|8|0|1|12|2|0|8|3|19|10|7|12|4|0|36|20|3|5|14|8|0|3|297|0|20|89|119|36|14|3|5|8
32|2|0583|B|1|0|M|733|19|13|2|2|9|estrato_9|91|5|45|20|16|5|29|3|11|25|5|3|1|18|7|0|12|4|31|16|6|4|12|1|26|31|8|3|7|9|0|4|367|1|31|123|155|26|7|8|3|9
32|3|1870|E|2|5|M|639|56|1|3|3|6|estrato_6|147|5|47|13|10|2|32|2|14|17|1|1|2|13|6|1|9|1|26|12|3|11|9|3|30|23|6|1|9|5|0|3|317|3|23|111|126|30|9|6|1|5
32|4|1675|B|1|0|U|537|53|8|4|4|7|estrato_7|139|13|40|9|12|3|23|2|11|17|4|0|1|14|1|2|5|1|14|8|4|8|2|0|21|20|7|6|6|7|0|2|263|0|20|102|92|21|6|7|6|7
32|1|0052|B|1|0|U|627|5|2|1|1|1|estrato_1|9|10|45|13|9|3|19|1|10|23|4|1|1|16|0|0|3|4|24|14|5|12|7|0|38|28|3|5|8|6|0|4|316|0|28|100|124|38|8|3|5|6
32|3|1193|B|1|0|U|385|39|18|3|3|6|estrato_6|64|2|25|11|6|3|15|1|11|19|3|2|0|7|2|1|6|1|14|7|3|3|4|0|19|19|4|1|6|5|1|3|204|0|19|63|83|19|6|4|1|5
32|4|0515|C|1|0|R|377|17|4|4|4|11|estrato_11|42|6|24|7|6|1|14|1|6|11|1|1|0|4|1|2|4|0|16|5|5|5|5|0|16|18|3|2|2|6|0|3|175|0|18|59|66|16|2|3|2|6
32|1|1256|C|1|0|M|671|40|16|1|1|4|estrato_4|115|11|50|15|10|1|37|2|13|25|2|1|1|12|3|1|7|1|27|11|5|7|14|2|30|23|3|5|11|12|0|0|342|2|23|126|130|30|11|3|5|12
32|2|1018|B|1|0|R|250|34|13|2|2|9|estrato_9|119|2|16|2|2|1|11|0|4|8|4|0|0|9|4|0|0|0|6|4|0|4|5|1|12|9|4|2|0|5|0|1|116|1|9|34|48|12|0|4|2|5
32|1|0154|C|1|0|U|513|10|5|1|1|4|estrato_4|37|11|39|9|3|4|21|2|11|16|2|0|1|14|4|2|9|3|20|8|8|10|4|1|20|25|6|0|6|9|0|2|270|1|25|89|112|20|6|6|0|9
32|1|0140|C|4|0|M|698|10|5|1|1|12|estrato_12|41|5|55|14|8|2|23|1|17|22|3|1|2|12|3|1|10|2|26|11|9|5|8|1|33|27|3|1|11|13|1|0|330|1|27|108|132|33|11|3|1|13
32|2|1561|B|1|0|R|491|49|7|2|2|9|estrato_9|192|5|41|7|9|1|11|2|5|20|4|1|3|8|3|1|9|0|16|13|4|7|7|1|24|16|4|0|6|8|0|4|240|1|16|76|101|24|6|4|0|8
32|2|1718|B|1|0|U|695|55|11|2|2|5|estrato_5|52|10|46|8|6|4|22|1|11|26|6|2|2|9|4|1|7|5|26|16|3|10|4|2|42|37|6|3|8|11|0|6|344|2|37|97|132|42|8|6|3|11
32|2|0646|B|1|0|U|664|20|10|2|2|2|estrato_2|12|14|42|21|6|4|20|1|13|17|2|0|1|8|4|2|15|4|24|11|6|17|8|1|35|31|9|5|11|11|0|6|349|1|31|108|132|35|11|9|5|11
32|3|1287|B|1|0|R|351|41|12|3|3|13|estrato_13|5|6|23|9|5|1|22|0|9|11|2|0|0|6|2|0|8|0|9|7|1|2|6|3|15|13|1|1|1|5|1|0|169|3|13|66|63|15|1|1|1|5
32|1|0056|C|2|0|U|527|5|2|1|1|12|estrato_12|2|8|41|8|6|4|21|1|11|21|1|2|1|9|1|1|10|0|16|8|2|6|1|2|27|31|3|4|7|6|0|3|262|2|31|89|90|27|7|3|4|6
32|1|0303|C|1|0|R|532|10|5|1|1|12|estrato_12|46|6|32|8|5|2|28|1|14|30|4|3|2|9|5|0|8|1|14|6|4|9|5|1|18|22|8|2|5|8|0|2|262|1|22|82|114|18|5|8|2|8
32|2|0034|B|1|0|U|464|4|14|2|2|5|estrato_5|166|12|39|8|5|0|20|2|6|17|2|2|1|6|0|1|1|2|15|12|3|12|6|0|21|12|4|2|11|4|0|2|228|0|12|86|86|21|11|4|2|4
32|2|0977|C|1|0|U|434|34|13|2|2|2|estrato_2|113|10|33|10|2|1|15|0|11|11|1|1|3|10|3|3|8|2|12|5|1|10|3|1|28|20|4|0|9|4|0|3|224|1|20|71|84|28|9|4|0|4
32|2|0617|C|3|0|U|654|20|10|2|2|5|estrato_5|4|16|55|16|7|1|27|0|12|19|2|2|0|16|6|2|10|4|18|6|6|6|7|1|47|20|3|3|9|10|0|3|334|1|20|122|116|47|9|3|3|10
32|3|1643|B|1|0|R|398|51|12|3|3|10|estrato_10|91|5|35|9|3|3|15|1|10|21|2|1|1|4|2|0|7|2|18|2|2|7|6|2|23|7|2|1|4|5|1|2|203|2|7|71|85|23|4|2|1|5
32|3|0896|B|1|0|U|438|29|18|3|3|10|estrato_10|33|4|34|10|6|2|12|0|7|11|4|0|2|13|4|1|4|1|10|7|5|2|7|1|25|19|1|3|3|6|0|0|204|1|19|68|78|25|3|1|3|6
32|3|1825|C|1|0|U|430|56|1|3|3|6|estrato_6|127|12|26|16|6|1|13|0|7|16|1|3|1|5|3|1|5|2|20|10|3|3|8|0|21|14|3|3|5|8|0|1|217|0|14|74|88|21|5|3|3|8
32|2|0749|B|1|0|U|468|23|14|2|2|2|estrato_2|133|8|43|7|6|3|20|0|14|14|0|0|1|7|2|0|4|1|21|7|2|3|8|1|30|11|7|2|3|10|0|1|236|1|11|87|84|30|3|7|2|10
32|4|0549|C|2|0|M|710|17|4|4|4|7|estrato_7|48|4|47|12|15|1|26|1|15|26|3|1|3|20|4|0|9|3|23|11|5|11|7|4|42|27|4|5|11|14|0|2|356|4|27|106|141|42|11|4|5|14
32|4|0470|S|1|0|M|0|17|4|4|4|7|estrato_7|52|16|91|26|22|7|42|5|24|39|6|2|2|23|6|6|13|7|35|21|8|19|16|1|61|50|7|5|11|22|1|5|599|1|50|209|227|61|11|7|5|22
32|2|0627|C|1|0|U|627|20|10|2|2|5|estrato_5|7|9|54|21|10|6|18|0|10|21|7|2|3|6|4|1|9|1|20|8|5|6|8|4|31|22|9|6|7|3|0|1|312|4|22|118|111|31|7|9|6|3
32|3|1874|C|3|0|M|618|56|2|3|3|6|estrato_6|136|7|43|9|8|4|23|0|18|21|5|1|0|12|2|2|9|1|15|10|6|4|5|3|32|23|8|4|6|7|1|1|290|3|23|94|111|32|6|8|4|7
32|2|0003|C|1|0|U|465|1|14|2|2|5|estrato_5|127|4|39|4|7|1|17|2|9|11|0|0|0|8|3|1|6|0|8|7|7|6|6|0|20|20|3|0|10|6|0|2|207|0|20|74|72|20|10|3|0|6
32|4|0551|C|2|0|U|702|17|3|4|4|7|estrato_7|17|10|39|17|7|5|30|1|22|28|4|1|2|8|4|2|6|2|24|13|4|10|5|3|42|38|3|3|9|17|0|7|366|3|38|109|135|42|9|3|3|17
32|2|0976|B|1|0|U|739|34|13|2|2|5|estrato_5|111|7|42|11|10|2|34|2|17|26|4|0|2|11|8|3|6|4|24|11|5|12|10|4|44|27|8|1|2|11|0|5|353|4|27|108|143|44|2|8|1|11
32|2|1473|B|1|0|R|122|58|14|2|2|9|estrato_9|162|1|12|1|2|0|3|0|4|6|0|0|1|2|1|0|2|2|5|2|0|1|4|0|5|4|0|3|1|0|0|0|62|0|4|19|30|5|1|0|3|0
32|3|1647|B|1|0|R|153|51|12|3|3|10|estrato_10|81|1|8|2|3|0|5|0|5|5|2|0|2|2|3|0|1|0|0|3|1|2|0|1|8|4|1|0|3|2|1|2|67|1|4|19|26|8|3|1|0|2
32|1|1312|B|1|0|U|491|42|17|1|1|12|estrato_12|124|9|27|8|9|0|17|0|7|15|1|2|1|10|1|2|6|3|20|12|3|6|10|3|27|25|5|2|10|6|0|1|248|3|25|70|99|27|10|5|2|6
32|4|0539|C|5|0|M|672|17|3|4|4|14|estrato_14|12|12|54|11|5|2|23|1|11|26|6|1|2|18|3|1|9|3|18|12|8|11|6|0|44|23|8|2|17|9|0|5|351|0|23|108|135|44|17|8|2|9
32|1|0204|B|1|0|U|668|10|6|1|1|4|estrato_4|61|5|44|11|12|3|26|2|17|15|6|0|3|8|3|4|11|4|26|14|3|11|6|1|25|27|5|4|13|4|1|2|316|1|27|103|131|25|13|5|4|4
32|4|1023|B|1|0|R|564|35|9|4|4|14|estrato_14|88|7|39|8|11|3|28|0|10|19|4|1|5|8|6|2|8|4|26|5|6|11|8|1|30|26|11|0|1|8|0|1|297|1|26|96|123|30|1|11|0|8
32|2|1563|B|1|0|M|377|49|7|2|2|9|estrato_9|192|1|30|9|9|1|17|1|3|14|2|1|2|11|1|0|1|1|13|6|4|3|4|0|19|14|3|0|7|3|0|2|182|0|14|68|66|19|7|3|0|3
32|3|1652|B|1|0|R|424|51|12|3|3|10|estrato_10|87|9|23|11|7|1|22|2|8|14|0|1|0|3|1|2|6|2|10|4|1|7|3|1|17|18|5|0|7|6|0|1|192|1|18|75|62|17|7|5|0|6
32|2|0625|B|1|0|U|502|20|10|2|2|2|estrato_2|6|6|45|7|2|3|19|3|6|18|2|2|0|14|1|1|4|1|19|7|3|9|4|0|32|20|8|7|2|5|0|1|251|0|20|85|91|32|2|8|7|5
32|4|1705|B|1|0|R|195|54|15|4|4|11|estrato_11|146|3|16|1|6|1|7|0|4|3|0|0|0|5|1|0|3|1|6|4|1|4|2|0|10|4|1|0|2|4|0|1|90|0|4|34|34|10|2|1|0|4
32|1|0141|B|1|0|U|491|10|5|1|1|1|estrato_1|39|6|31|15|4|0|19|1|8|15|3|0|3|4|3|3|4|2|15|11|3|6|4|4|22|23|3|2|6|5|0|5|230|4|23|76|84|22|6|3|2|5
32|3|1872|B|1|0|R|565|56|2|3|3|6|estrato_6|148|8|39|6|5|6|25|3|12|21|2|1|2|8|4|1|12|2|16|5|3|10|4|3|31|32|0|6|9|11|0|3|290|3|32|92|103|31|9|0|6|11
32|4|0463|C|2|0|U|606|17|4|4|4|7|estrato_7|57|7|48|12|10|4|24|2|16|28|4|1|2|10|3|2|10|1|19|9|6|11|4|4|23|24|4|6|9|10|0|2|315|4|24|107|126|23|9|4|6|10
32|3|1786|B|1|0|U|373|56|2|3|3|6|estrato_6|105|5|32|7|7|4|11|1|8|7|1|1|2|7|2|3|8|2|14|7|1|5|8|1|16|13|5|0|2|6|0|3|189|1|13|67|76|16|2|5|0|6
32|4|0440|B|1|0|R|379|16|8|4|4|11|estrato_11|3|5|39|8|5|0|14|0|4|15|3|0|1|5|4|2|4|1|12|6|3|8|5|0|17|10|2|3|1|7|0|2|186|0|10|71|73|17|1|2|3|7
32|4|0449|C|1|0|R|401|16|8|4|4|14|estrato_14|9|4|38|8|6|0|14|0|8|13|1|0|2|4|1|0|4|2|17|3|3|3|8|0|20|15|7|3|6|4|0|2|196|0|15|70|69|20|6|7|3|4
32|2|1053|B|1|0|U|299|36|8|2|2|2|estrato_2|85|5|17|5|3|0|13|1|5|10|2|0|0|3|1|0|7|3|9|6|2|7|7|1|16|15|0|1|3|5|0|3|150|1|15|44|62|16|3|0|1|5
32|4|0785|B|1|0|M|673|24|9|4|4|7|estrato_7|82|14|40|13|12|1|34|0|11|20|3|0|3|15|5|0|10|0|22|12|5|16|11|2|33|22|8|3|14|9|0|6|344|2|22|114|133|33|14|8|3|9
32|2|0746|B|1|0|U|487|23|14|2|2|5|estrato_5|131|10|35|3|2|2|21|3|11|15|3|1|3|7|1|1|5|1|12|11|8|9|8|0|25|16|1|2|4|10|0|2|232|0|16|76|96|25|4|1|2|10
32|3|1810|B|1|0|U|377|56|2|3|3|6|estrato_6|111|5|31|10|6|3|12|0|8|15|5|0|3|7|2|1|5|1|8|6|0|7|3|0|14|13|2|2|4|6|0|1|180|0|13|67|71|14|4|2|2|6
32|2|1047|C|2|0|M|552|36|11|2|2|2|estrato_2|74|10|44|16|6|3|18|1|15|22|0|2|0|19|3|1|6|1|16|7|8|9|12|3|24|19|7|3|5|8|0|0|288|3|19|98|121|24|5|7|3|8
32|3|1869|C|4|0|M|746|56|1|3|3|6|estrato_6|145|15|64|18|4|3|29|4|10|18|5|0|0|8|4|1|13|3|20|14|9|11|6|3|37|23|8|3|12|11|0|5|361|3|23|137|122|37|12|8|3|11
32|1|0066|B|1|0|M|676|6|16|1|1|4|estrato_4|16|6|61|13|9|2|30|2|17|27|3|0|3|13|2|5|5|4|22|11|4|10|11|3|28|26|4|3|7|7|0|5|343|3|26|123|137|28|7|4|3|7
32|1|0717|B|1|0|R|176|21|17|1|1|8|estrato_8|108|2|10|3|2|0|5|0|7|7|2|0|1|4|0|0|1|0|1|4|3|4|0|2|8|8|4|0|2|2|0|0|82|2|8|22|34|8|2|4|0|2
32|1|0041|B|1|0|U|661|5|2|1|1|4|estrato_4|4|7|51|11|5|3|25|1|14|31|2|4|5|14|5|1|7|3|16|11|3|10|5|2|36|24|6|4|9|11|1|1|328|2|24|103|131|36|9|6|4|11
32|2|1405|B|1|0|R|265|44|13|2|2|9|estrato_9|102|4|20|4|6|2|8|0|5|13|2|1|1|5|1|0|6|1|6|3|1|4|4|1|13|12|4|1|3|5|0|2|138|1|12|44|53|13|3|4|1|5
32|2|1421|B|1|0|R|105|45|14|2|2|9|estrato_9|159|2|8|3|2|0|2|1|2|2|0|0|0|2|0|1|1|1|1|0|0|1|0|1|11|2|3|0|2|2|0|1|51|1|2|18|11|11|2|3|0|2
32|1|0195|C|1|0|U|490|10|6|1|1|4|estrato_4|75|6|44|14|3|1|12|1|3|21|3|2|2|13|0|1|3|3|18|4|7|7|6|2|34|17|5|3|3|2|0|3|243|2|17|81|93|34|3|5|3|2
32|2|0907|B|1|0|U|453|30|14|2|2|2|estrato_2|143|11|19|8|3|1|13|0|17|11|0|2|1|12|2|1|3|1|11|11|5|5|8|0|30|23|2|2|7|10|0|3|222|0|23|55|90|30|7|2|2|10
32|2|1533|B|1|0|U|709|49|7|2|2|5|estrato_5|181|9|48|13|8|4|25|1|12|22|6|4|2|18|7|3|8|5|16|20|7|4|15|3|33|27|16|5|7|12|0|4|364|3|27|108|149|33|7|16|5|12
32|3|1249|B|1|0|R|406|39|16|3|3|10|estrato_10|58|3|35|8|6|3|8|1|12|13|3|0|0|16|4|2|8|0|11|13|1|4|5|1|22|12|3|3|8|7|0|2|214|1|12|64|92|22|8|3|3|7
32|2|0024|B|1|0|M|423|3|14|2|2|9|estrato_9|141|9|30|9|7|0|14|2|7|20|3|1|1|6|2|0|5|2|16|7|4|8|3|2|21|10|6|2|3|7|0|2|209|2|10|71|85|21|3|6|2|7
32|2|1079|B|1|0|R|183|36|8|2|2|9|estrato_9|79|10|21|4|4|2|7|0|1|5|0|1|1|4|3|0|3|1|8|1|1|1|4|1|8|8|2|1|1|2|0|2|107|1|8|48|34|8|1|2|1|2
32|1|1339|B|1|0|R|464|42|17|1|1|1|estrato_1|132|7|30|8|4|4|15|2|8|16|1|0|2|6|1|0|13|5|10|5|6|8|0|1|28|21|6|1|4|6|0|2|220|1|21|70|81|28|4|6|1|6
32|2|0752|C|1|0|R|391|23|14|2|2|5|estrato_5|129|5|36|12|6|0|13|0|4|16|3|0|0|5|1|0|4|1|12|3|4|5|3|0|18|17|4|2|9|3|0|2|188|0|17|72|61|18|9|4|2|3
32|4|1178|B|1|0|R|272|38|15|4|4|14|estrato_14|114|1|21|7|3|2|15|0|3|9|3|0|1|3|2|2|5|1|7|8|2|6|4|0|17|11|3|2|2|5|0|0|145|0|11|49|56|17|2|3|2|5
32|3|1611|C|1|0|M|427|51|12|3|3|10|estrato_10|89|2|25|10|4|1|12|0|5|15|0|0|1|9|2|1|6|2|12|12|4|7|3|1|24|20|2|2|2|10|0|5|199|1|20|54|79|24|2|2|2|10
32|4|0526|B|1|0|R|395|57|8|4|4|14|estrato_14|123|5|31|4|5|1|18|1|11|13|2|2|1|3|1|1|5|4|15|9|3|0|6|1|16|18|3|0|4|6|0|2|191|1|18|65|76|16|4|3|0|6
32|1|0280|B|1|0|R|337|10|7|1|1|8|estrato_8|89|2|35|6|5|2|15|1|10|13|1|0|1|5|2|0|4|0|9|6|2|1|7|1|11|11|2|1|2|8|0|3|166|1|11|66|61|11|2|2|1|8
32|4|0453|B|1|0|U|546|16|8|4|4|14|estrato_14|8|7|42|10|2|1|20|1|11|27|4|0|0|8|2|0|5|3|10|8|3|11|4|1|21|26|2|5|8|10|0|2|254|1|26|83|96|21|8|2|5|10
32|3|0425|B|1|0|R|481|14|18|3|3|13|estrato_13|44|3|36|8|8|3|13|1|8|24|1|2|0|9|3|0|6|3|18|8|2|8|4|1|23|16|3|2|9|8|0|5|235|1|16|72|96|23|9|3|2|8
32|3|1862|C|1|0|U|539|56|1|3|3|6|estrato_6|120|3|42|13|4|5|18|0|13|23|0|2|1|13|5|2|6|2|14|8|6|13|3|0|35|24|6|2|4|7|0|1|275|0|24|85|111|35|4|6|2|7
32|4|0533|C|1|0|U|607|57|8|4|4|14|estrato_14|126|9|35|9|11|0|22|1|20|15|2|2|2|10|1|1|6|6|21|8|8|9|7|2|41|24|6|2|7|11|0|6|304|2|24|87|118|41|7|6|2|11
32|3|0903|B|1|0|R|640|29|18|3|3|10|estrato_10|31|9|55|10|8|3|16|1|11|21|1|1|0|26|5|2|11|1|24|11|6|7|7|2|28|32|7|1|9|18|0|2|335|2|32|102|134|28|9|7|1|18
32|4|1105|B|1|0|R|237|38|15|4|4|11|estrato_11|96|4|19|7|4|1|8|0|7|8|4|1|0|2|0|0|0|0|9|2|1|2|4|0|17|9|2|1|5|3|0|2|122|0|9|43|40|17|5|2|1|3
32|2|0754|B|1|0|R|140|23|14|2|2|9|estrato_9|133|6|6|2|0|0|7|0|4|4|1|0|1|3|1|0|5|1|5|1|0|2|3|1|8|4|0|0|1|1|0|1|68|1|4|21|31|8|1|0|0|1
32|2|1545|B|1|0|R|257|49|7|2|2|9|estrato_9|191|4|17|5|2|1|15|2|4|10|1|1|0|3|2|0|4|0|7|10|4|5|5|2|15|12|0|2|1|3|0|4|141|2|12|46|56|15|1|0|2|3
32|2|1430|C|1|0|R|385|45|14|2|2|9|estrato_9|160|4|34|6|7|3|12|0|6|16|2|0|2|5|0|0|4|1|8|9|5|3|3|2|26|16|3|1|4|3|0|0|185|2|16|66|64|26|4|3|1|3
32|4|0494|C|3|0|U|650|17|3|4|4|7|estrato_7|29|10|48|15|10|4|25|1|13|20|0|2|0|13|5|2|10|4|29|15|4|10|8|0|30|26|10|3|7|8|1|5|338|0|26|113|135|30|7|10|3|8
32|2|0596|B|1|0|R|449|19|13|2|2|9|estrato_9|96|7|29|7|8|2|20|0|12|21|3|0|1|7|2|5|2|1|13|10|1|4|9|1|14|15|7|2|5|3|0|1|212|1|15|73|91|14|5|7|2|3
32|2|1529|B|1|0|U|425|49|7|2|2|5|estrato_5|182|7|21|8|8|1|16|2|10|10|4|1|3|5|2|1|3|2|19|6|2|9|5|1|25|16|1|1|5|9|0|5|208|1|16|63|82|25|5|1|1|9
32|4|0468|C|2|0|U|604|17|4|4|4|7|estrato_7|61|6|35|16|8|10|21|0|10|17|6|2|2|14|4|0|9|2|23|8|5|9|6|1|23|31|12|4|6|6|0|2|298|1|31|96|117|23|6|12|4|6
32|2|1019|B|1|0|R|267|34|13|2|2|9|estrato_9|125|7|20|4|3|0|9|0|9|11|0|1|1|6|0|0|5|1|8|6|2|5|4|0|14|12|2|1|1|0|0|1|133|0|12|43|59|14|1|2|1|0
32|3|1870|C|1|0|M|715|56|1|3|3|6|estrato_6|142|13|44|14|5|3|27|3|20|18|1|1|2|8|5|2|15|3|18|11|6|18|6|2|42|31|7|3|9|4|1|2|344|2|31|109|134|42|9|7|3|4
32|4|1129|B|1|0|R|571|38|15|4|4|14|estrato_14|108|14|48|13|12|1|22|0|7|10|1|5|3|9|6|1|9|4|19|1|5|8|5|1|28|23|5|3|7|9|0|4|283|1|23|110|93|28|7|5|3|9
32|4|0539|C|2|0|M|672|17|3|4|4|14|estrato_14|13|5|46|20|7|1|20|1|10|24|5|1|2|9|5|2|11|4|26|9|4|10|8|1|28|29|5|1|7|22|0|4|327|1|29|100|130|28|7|5|1|22
32|4|1659|B|1|0|M|711|52|9|4|4|14|estrato_14|134|10|43|11|12|2|38|0|7|26|2|0|2|13|2|1|10|2|37|10|6|6|7|6|37|17|2|3|6|7|0|4|329|6|17|116|131|37|6|2|3|7
32|2|0624|B|1|0|U|624|20|10|2|2|2|estrato_2|7|15|44|16|7|2|20|3|13|12|1|2|1|15|2|1|8|3|19|11|11|10|2|2|38|25|6|3|4|9|0|4|309|2|25|107|111|38|4|6|3|9
32|4|1693|B|1|0|R|427|54|15|4|4|11|estrato_11|140|4|40|6|7|1|16|1|7|11|2|0|2|4|2|0|8|1|17|8|2|5|7|2|22|21|6|0|7|2|0|6|217|2|21|75|76|22|7|6|0|2
32|4|1672|B|1|0|R|234|52|9|4|4|11|estrato_11|131|0|10|3|1|0|9|0|5|5|1|1|1|1|0|3|3|1|7|7|2|6|0|0|14|5|7|2|2|7|0|1|104|0|5|23|43|14|2|7|2|7
32|2|1578|B|1|0|R|602|49|7|2|2|9|estrato_9|184|9|46|7|12|2|25|1|8|14|3|0|3|15|2|0|5|2|21|15|1|14|6|1|32|32|4|2|10|7|0|3|302|1|32|102|109|32|10|4|2|7
32|4|0494|C|1|0|U|651|17|3|4|4|7|estrato_7|29|12|56|11|4|2|19|2|7|26|3|2|4|12|4|2|9|3|24|9|7|10|7|2|38|30|2|2|6|12|0|5|332|2|30|106|129|38|6|2|2|12
32|3|1207|B|1|0|U|552|39|16|3|3|3|estrato_3|68|11|37|14|6|7|20|2|12|13|4|3|2|9|4|2|7|2|11|9|5|9|6|2|27|31|4|2|10|8|0|5|284|2|31|97|98|27|10|4|2|8
32|2|0685|B|1|0|U|259|20|10|2|2|9|estrato_9|23|2|18|2|1|2|10|2|5|6|0|0|2|2|2|0|6|1|11|5|3|3|3|1|10|19|1|3|1|6|0|3|130|1|19|37|49|10|1|1|3|6
32|1|0251|B|1|0|R|718|10|5|1|1|8|estrato_8|28|9|52|10|11|3|26|1|15|21|3|2|2|13|2|4|11|4|30|7|8|6|8|2|42|28|4|2|12|10|1|3|352|2|28|112|136|42|12|4|2|10
32|1|1344|B|1|0|R|373|42|17|1|1|8|estrato_8|133|3|30|14|3|0|13|0|7|6|0|1|2|7|5|0|3|4|11|8|2|7|9|2|21|12|6|2|4|6|0|4|192|2|12|63|72|21|4|6|2|6
32|3|1196|C|1|0|U|377|39|16|3|3|10|estrato_10|56|9|21|11|7|1|18|0|9|11|2|0|1|2|1|2|10|2|14|8|6|9|4|0|16|9|3|1|11|4|0|2|194|0|9|67|81|16|11|3|1|4
32|2|1042|B|1|0|M|635|36|11|2|2|5|estrato_5|72|7|43|9|14|6|18|1|20|25|5|0|1|11|2|2|6|4|21|12|4|10|6|1|34|25|9|1|7|7|0|4|315|1|25|98|129|34|7|9|1|7
32|1|0271|C|1|0|U|578|10|5|1|1|12|estrato_12|32|4|34|21|13|5|25|2|12|16|4|1|2|9|3|2|11|0|14|11|6|8|8|2|34|23|7|2|5|7|0|1|292|2|23|104|107|34|5|7|2|7
32|2|1467|B|1|0|U|384|47|14|2|2|5|estrato_5|165|7|25|7|9|1|15|0|11|18|2|1|0|5|2|1|5|3|8|3|2|5|2|3|22|12|4|3|3|3|0|3|185|3|12|64|68|22|3|4|3|3
32|1|0175|B|1|0|U|517|10|6|1|1|4|estrato_4|66|7|35|8|8|3|19|2|10|16|4|1|1|5|3|3|12|3|12|5|9|8|4|2|27|26|3|3|5|7|0|2|253|2|26|82|96|27|5|3|3|7
32|2|1523|C|1|0|R|379|48|14|2|2|5|estrato_5|139|3|24|11|7|2|9|2|13|11|1|0|2|5|1|1|5|4|17|8|5|4|3|1|16|19|6|1|7|7|1|0|196|1|19|58|80|16|7|6|1|7
32|1|0064|B|1|0|U|484|6|16|1|1|8|estrato_8|15|12|28|15|5|1|25|0|11|21|3|0|1|11|3|2|3|3|20|17|1|4|2|2|31|26|3|7|6|14|0|1|278|2|26|86|102|31|6|3|7|14
32|2|1562|B|1|0|R|478|49|7|2|2|9|estrato_9|192|7|40|11|7|3|25|2|11|12|1|0|2|9|6|0|4|1|20|6|2|8|6|2|22|25|4|0|6|4|0|2|248|2|25|95|88|22|6|4|0|4
32|3|0718|B|1|0|U|566|22|18|3|3|6|estrato_6|28|7|43|16|7|3|17|2|13|21|3|2|3|16|2|2|5|6|12|6|5|9|2|1|28|23|7|1|7|4|0|5|278|1|23|95|107|28|7|7|1|4
32|4|0491|B|1|0|M|616|17|3|4|4|7|estrato_7|16|10|46|11|11|1|21|1|16|17|3|0|1|9|4|3|8|0|13|7|7|10|15|2|24|21|4|5|8|10|0|4|292|2|21|101|113|24|8|4|5|10
32|1|1316|B|1|0|U|380|42|17|1|1|8|estrato_8|125|7|23|6|7|2|13|1|8|10|4|0|4|7|3|1|3|1|16|8|1|3|3|2|18|13|2|0|5|5|0|2|178|2|13|59|72|18|5|2|0|5
32|4|1097|C|2|0|M|723|38|15|4|4|7|estrato_7|106|13|50|18|8|0|31|4|17|27|2|2|1|13|4|1|13|1|21|9|4|14|10|5|42|31|3|3|8|10|0|3|368|5|31|124|139|42|8|3|3|10
32|4|0486|B|1|0|U|402|17|3|4|4|4|estrato_4|37|3|32|9|9|2|14|0|8|8|4|2|1|15|1|0|4|0|9|9|3|8|3|5|23|19|1|4|4|3|0|1|204|5|19|69|75|23|4|1|4|3
32|1|1267|B|1|0|R|357|40|16|1|1|8|estrato_8|116|8|22|3|7|2|16|1|4|8|3|2|1|7|4|2|7|4|16|7|2|3|6|1|17|11|1|4|3|9|0|1|182|1|11|59|76|17|3|1|4|9
32|1|0267|C|2|0|M|620|10|7|1|1|12|estrato_12|88|5|32|11|2|2|31|3|19|23|4|1|2|12|3|2|7|5|20|12|3|6|9|2|31|29|4|4|7|7|0|3|301|2|29|86|128|31|7|4|4|7
32|1|1353|B|1|0|R|428|42|17|1|1|1|estrato_1|144|7|26|9|8|0|15|1|9|12|1|2|3|4|4|1|4|1|15|4|5|10|5|0|24|15|3|0|9|5|1|4|207|0|15|66|80|24|9|3|0|5
32|2|0369|B|1|0|R|427|12|11|2|2|9|estrato_9|58|9|24|4|3|3|15|2|7|13|2|2|1|10|2|1|5|5|12|7|9|9|13|3|19|11|4|3|5|7|0|1|211|3|11|60|98|19|5|4|3|7
32|1|0124|E|1|0|R|183|9|17|1|1|8|estrato_8|149|2|17|4|5|1|3|0|3|5|1|0|0|2|1|2|1|0|6|5|1|0|3|0|16|5|2|0|4|1|0|0|90|0|5|32|30|16|4|2|0|1
32|3|1859|C|1|0|U|627|56|1|3|3|6|estrato_6|119|10|55|12|3|6|27|4|14|16|3|0|4|8|2|3|4|3|20|6|8|9|8|2|34|22|4|3|9|8|0|1|308|2|22|117|108|34|9|4|3|8
32|1|0152|C|1|0|U|395|10|6|1|1|1|estrato_1|53|10|29|6|4|2|15|0|7|14|3|0|1|10|3|1|6|4|16|6|5|5|2|1|8|10|4|3|4|2|0|3|184|1|10|66|83|8|4|4|3|2
32|3|0904|B|1|0|R|502|29|18|3|3|13|estrato_13|30|10|29|8|12|0|12|2|9|20|3|2|5|10|2|1|5|6|10|8|4|5|8|5|29|15|2|0|9|12|0|5|248|5|15|73|98|29|9|2|0|12
32|2|0662|B|1|0|R|166|20|10|2|2|9|estrato_9|20|3|13|5|3|1|6|1|2|10|1|0|0|6|0|0|2|1|7|4|3|1|3|0|9|5|3|1|2|4|1|2|99|0|5|32|40|9|2|3|1|4
32|2|0969|B|1|0|U|611|34|13|2|2|5|estrato_5|112|10|48|11|4|5|20|1|5|20|2|0|1|17|2|1|7|4|22|14|3|14|8|3|43|20|2|5|4|10|0|9|315|3|20|99|120|43|4|2|5|10
32|3|1815|B|1|0|U|377|56|1|3|3|6|estrato_6|112|9|27|7|5|1|8|4|5|5|2|0|1|5|3|2|6|0|7|6|4|7|1|1|22|17|3|0|5|6|1|3|173|1|17|61|54|22|5|3|0|6
32|3|1081|E|1|0|R|87|37|12|3|3|10|estrato_10|95|4|9|0|1|0|1|0|1|3|0|0|0|3|0|1|2|0|1|0|0|0|2|1|5|3|1|0|0|1|0|0|39|1|3|15|13|5|0|1|0|1
32|4|0790|B|1|0|R|453|24|9|4|4|14|estrato_14|80|9|33|13|4|2|19|1|9|18|1|1|1|8|2|2|7|0|13|8|1|4|7|1|24|20|5|4|9|4|0|2|232|1|20|81|82|24|9|5|4|4
32|2|0586|B|1|0|R|203|19|13|2|2|9|estrato_9|90|4|16|6|4|2|12|0|0|8|0|0|0|4|2|0|2|1|5|4|1|1|1|0|13|7|0|1|3|1|0|0|98|0|7|44|29|13|3|0|1|1
32|2|1493|C|1|0|U|428|48|14|2|2|2|estrato_2|151|6|30|15|0|3|17|1|6|16|2|0|0|12|0|1|6|1|17|7|6|2|5|3|20|17|2|0|3|6|0|1|205|3|17|72|81|20|3|2|0|6
32|3|0077|C|1|0|U|375|7|12|3|3|6|estrato_6|1|10|30|7|9|2|10|0|3|13|3|0|3|7|1|1|6|0|16|5|5|3|6|3|27|15|7|4|4|4|0|0|204|3|15|68|72|27|4|7|4|4
32|3|1229|B|1|0|M|733|39|16|3|3|10|estrato_10|54|10|58|21|11|3|27|0|13|34|5|1|1|16|3|3|6|4|30|13|6|10|7|0|38|21|6|1|6|6|0|1|361|0|21|130|152|38|6|6|1|6
32|4|0506|C|1|0|U|509|17|3|4|4|4|estrato_4|23|10|44|10|7|2|15|2|8|26|8|0|4|7|2|0|10|2|15|9|6|6|4|0|25|19|4|4|3|11|0|5|268|0|19|90|107|25|3|4|4|11
32|3|0074|B|1|0|M|531|7|12|3|3|6|estrato_6|1|9|35|5|3|1|24|1|11|22|4|1|1|8|6|1|10|1|22|8|1|10|3|0|29|19|4|3|6|11|0|1|260|0|19|78|109|29|6|4|3|11
32|2|0916|B|1|0|M|557|31|10|2|2|2|estrato_2|37|8|42|9|11|0|20|1|9|16|0|2|1|10|3|0|8|4|18|9|3|7|9|4|38|20|5|6|4|12|2|7|288|4|20|91|99|38|4|5|6|12
32|4|1157|E|1|0|R|47|38|15|4|4|11|estrato_11|93|1|5|1|0|0|3|0|2|2|0|0|0|0|0|0|1|1|0|2|0|0|1|0|6|2|0|0|0|0|0|0|27|0|2|10|9|6|0|0|0|0
32|1|0279|B|1|0|R|454|10|7|1|1|12|estrato_12|96|7|43|8|8|2|24|2|7|23|4|0|2|8|2|0|5|1|11|9|5|9|2|0|24|11|7|2|3|5|1|4|239|0|11|94|88|24|3|7|2|5
32|1|0190|C|2|0|U|663|10|6|1|1|4|estrato_4|74|8|60|12|11|2|25|1|14|17|2|1|1|11|3|1|12|3|23|6|4|7|8|1|37|30|7|5|8|8|1|4|333|1|30|119|113|37|8|7|5|8
32|3|0835|B|1|0|R|214|26|12|3|3|10|estrato_10|22|2|14|3|4|1|8|1|0|9|1|0|1|4|1|1|3|0|5|7|4|3|7|0|8|9|1|2|6|3|0|0|108|0|9|33|46|8|6|1|2|3
32|2|1434|B|1|0|U|360|46|10|2|2|2|estrato_2|31|4|44|6|2|0|15|2|10|12|3|1|2|7|2|0|5|2|9|7|3|3|1|0|13|14|8|0|1|5|0|0|181|0|14|73|67|13|1|8|0|5
32|3|1089|B|1|0|U|539|37|12|3|3|13|estrato_13|100|14|28|9|8|1|23|1|11|19|0|1|1|9|1|1|5|0|15|11|2|14|6|3|23|19|3|2|6|9|0|3|248|3|19|84|96|23|6|3|2|9
32|2|1720|B|1|0|U|608|55|11|2|2|2|estrato_2|52|10|53|9|7|1|21|1|11|27|4|1|2|12|7|2|3|3|14|8|1|6|8|2|32|27|6|3|6|8|0|3|298|2|27|102|109|32|6|6|3|8
32|4|0503|S|1|0|U|0|17|3|4|4|7|estrato_7|33|22|88|25|23|5|39|2|28|41|8|1|6|18|6|3|13|6|43|20|12|13|12|6|80|42|8|6|11|22|1|4|614|6|42|204|230|80|11|8|6|22
32|4|1176|B|1|0|R|280|38|15|4|4|11|estrato_11|120|1|25|5|3|1|8|1|5|9|1|0|1|5|0|0|7|0|10|6|1|1|3|0|14|11|4|1|4|6|0|3|136|0|11|44|49|14|4|4|1|6
32|4|0439|C|1|0|U|410|16|8|4|4|4|estrato_4|7|7|32|13|2|0|18|0|6|17|2|0|1|5|3|0|5|2|11|4|3|3|4|1|32|12|3|3|4|6|0|2|201|1|12|72|66|32|4|3|3|6
32|4|0454|B|1|0|R|403|16|8|4|4|14|estrato_14|9|4|29|9|8|3|14|0|6|8|0|0|1|9|2|1|3|0|12|4|3|4|6|1|22|18|2|0|6|5|0|4|184|1|18|67|59|22|6|2|0|5
32|3|1866|B|1|0|U|578|56|1|3|3|6|estrato_6|140|9|44|9|13|6|16|1|14|18|3|1|2|7|0|2|9|2|21|9|4|8|9|4|39|13|5|5|5|9|0|3|290|4|13|98|109|39|5|5|5|9
32|4|1676|C|1|0|M|528|53|8|4|4|11|estrato_11|138|10|36|18|8|3|21|0|9|14|2|0|2|10|3|1|4|0|13|11|3|6|3|5|30|17|4|3|3|4|0|3|246|5|17|96|81|30|3|4|3|4
32|2|1748|B|1|0|R|432|55|11|2|2|2|estrato_2|42|3|30|14|1|2|20|2|5|13|0|1|1|9|6|0|3|3|20|8|2|5|6|1|19|14|6|1|10|8|0|1|214|1|14|72|82|19|10|6|1|8
32|4|1889|C|1|0|U|516|17|4|4|4|4|estrato_4|69|6|41|14|6|1|13|0|8|24|4|0|1|8|1|2|2|4|13|13|4|9|7|0|29|22|5|4|8|7|2|1|259|0|22|81|100|29|8|5|4|7
32|1|0193|B|1|0|U|690|10|6|1|1|4|estrato_4|74|8|62|19|13|2|27|1|22|27|4|0|1|9|1|0|7|6|15|10|8|11|8|0|35|20|3|4|8|11|0|3|345|0|20|132|129|35|8|3|4|11
32|3|0813|B|1|0|R|240|26|12|3|3|10|estrato_10|15|5|11|3|1|1|7|0|6|9|2|2|0|4|1|0|3|2|8|1|5|4|4|0|14|7|2|0|3|1|0|0|106|0|7|28|51|14|3|2|0|1
32|3|1824|C|1|0|U|403|56|1|3|3|6|estrato_6|127|6|29|7|3|1|11|0|9|12|4|1|2|8|2|1|3|1|14|8|0|6|2|3|21|18|7|2|3|3|0|4|191|3|18|57|73|21|3|7|2|3
32|2|0556|B|1|0|R|137|18|13|2|2|9|estrato_9|100|0|11|1|1|0|6|0|1|8|0|0|1|2|1|0|3|0|7|2|0|2|5|1|8|5|1|1|2|3|0|0|72|1|5|19|32|8|2|1|1|3
32|2|0663|B|1|0|R|280|20|10|2|2|9|estrato_9|18|7|20|1|4|2|8|0|10|6|2|0|0|3|1|1|8|0|10|2|3|5|2|0|16|11|1|1|6|5|0|2|137|0|11|42|53|16|6|1|1|5
32|4|0480|B|1|0|U|605|17|3|4|4|7|estrato_7|28|9|41|10|15|1|30|1|7|11|2|4|1|10|0|2|9|1|27|15|2|11|4|0|20|18|8|3|13|9|0|6|290|0|18|107|106|20|13|8|3|9
32|3|1910|C|2|0|M|645|39|16|3|3|13|estrato_13|71|7|46|14|6|2|20|4|3|27|6|1|0|13|4|0|3|2|29|9|4|9|6|0|29|27|9|3|12|10|0|4|309|0|27|99|116|29|12|9|3|10
32|3|1092|B|1|0|R|374|37|12|3|3|3|estrato_3|97|6|22|10|3|0|16|1|6|16|2|3|0|3|3|0|6|1|11|7|0|3|8|1|15|15|4|5|3|6|0|6|182|1|15|58|69|15|3|4|5|6
32|2|1742|B|1|0|R|229|55|11|2|2|9|estrato_9|46|5|24|4|4|1|7|1|5|7|1|0|0|3|1|1|2|2|8|3|1|6|2|0|6|10|2|0|7|2|0|1|116|0|10|46|42|6|7|2|0|2
32|3|1869|C|7|0|M|746|56|1|3|3|6|estrato_6|145|15|46|22|5|4|29|3|8|28|6|3|4|13|4|2|13|3|25|15|5|11|8|0|44|23|10|2|12|10|3|5|381|0|23|124|148|44|12|10|2|10
32|1|0231|C|1|0|M|428|10|5|1|1|12|estrato_12|26|6|38|7|4|0|18|2|12|15|4|0|2|5|4|2|5|2|9|4|3|5|7|1|20|21|3|4|1|10|0|1|215|1|21|75|79|20|1|3|4|10
32|1|0265|B|1|0|M|663|10|5|1|1|12|estrato_12|29|14|45|10|8|3|23|2|10|18|3|1|0|10|5|0|8|4|14|11|7|13|6|0|42|33|3|2|8|15|0|8|326|0|33|105|110|42|8|3|2|15
32|4|0445|B|1|0|R|572|16|8|4|4|11|estrato_11|1|14|37|13|4|0|11|1|12|21|5|3|1|15|8|2|4|2|17|9|6|11|7|4|36|17|3|4|6|6|0|5|284|4|17|80|123|36|6|3|4|6
32|1|0125|B|1|0|R|320|9|17|1|1|8|estrato_8|18|6|20|11|4|4|12|0|6|13|4|0|0|3|0|2|4|4|14|8|1|4|5|1|13|19|2|0|3|2|0|3|168|1|19|57|68|13|3|2|0|2
32|3|1648|B|1|0|R|121|51|12|3|3|10|estrato_10|81|3|8|4|4|1|7|0|1|4|0|0|0|4|0|0|2|2|3|3|1|1|0|0|7|6|0|0|1|1|1|0|64|0|6|27|21|7|1|0|0|1
32|3|1805|B|1|0|U|516|56|2|3|3|6|estrato_6|109|8|39|3|4|1|17|3|10|10|0|2|1|11|6|1|13|0|16|9|2|8|5|1|35|23|4|3|7|6|1|5|254|1|23|75|94|35|7|4|3|6
32|1|0040|C|1|0|M|746|5|2|1|1|1|estrato_1|3|9|55|20|9|2|22|2|8|23|2|1|3|17|3|0|8|2|19|7|6|8|8|2|29|36|9|8|16|9|0|3|346|2|36|119|115|29|16|9|8|9
32|3|1658|B|1|0|R|105|51|12|3|3|10|estrato_10|80|4|9|2|1|0|3|1|2|4|0|0|0|2|1|1|1|0|2|5|0|0|0|1|5|3|1|0|0|0|0|0|48|1|3|20|18|5|0|1|0|0
32|3|0895|C|1|0|M|479|29|18|3|3|10|estrato_10|27|7|41|6|5|2|16|1|10|23|0|0|0|4|6|1|6|4|11|7|1|4|4|2|34|13|5|2|8|6|0|3|232|2|13|78|81|34|8|5|2|6
32|2|0879|B|1|0|R|154|28|14|2|2|9|estrato_9|173|0|9|5|2|0|3|0|3|3|2|0|2|1|0|0|4|1|10|2|1|0|4|0|10|4|3|1|1|2|0|2|75|0|4|19|33|10|1|3|1|2
32|1|0327|B|1|0|R|161|10|7|1|1|8|estrato_8|106|1|13|2|1|2|9|0|5|6|0|1|1|2|0|0|3|0|7|2|0|5|0|1|12|6|1|0|2|1|0|0|83|1|6|28|32|12|2|1|0|1
32|4|0535|B|1|0|R|633|17|3|4|4|7|estrato_7|10|11|51|14|7|2|30|2|16|26|2|1|2|10|6|2|8|2|29|12|7|12|4|3|28|29|4|3|4|4|0|1|332|3|29|117|139|28|4|4|3|4
32|4|0520|C|2|0|M|590|17|4|4|4|14|estrato_14|45|13|47|14|10|3|21|2|11|18|1|0|2|18|5|5|5|2|16|15|5|8|5|3|26|25|2|5|7|9|1|0|304|3|25|110|116|26|7|2|5|9
32|2|0964|E|1|0|R|84|33|14|2|2|9|estrato_9|137|1|11|2|3|0|0|0|3|1|2|0|0|3|0|1|0|1|4|4|0|0|3|0|6|1|0|0|0|1|0|1|48|0|1|17|22|6|0|0|0|1
32|3|0407|B|1|0|U|403|14|18|3|3|13|estrato_13|52|6|24|6|6|0|16|1|10|19|1|1|1|11|2|3|5|3|8|12|2|7|4|1|20|15|1|5|6|1|0|4|201|1|15|59|89|20|6|1|5|1
32|2|1550|B|1|0|R|160|49|7|2|2|9|estrato_9|178|3|8|3|3|0|9|0|4|6|3|1|1|1|1|0|2|0|9|0|1|2|0|1|12|7|2|0|1|2|0|3|85|1|7|26|31|12|1|2|0|2
32|1|0054|C|4|0|M|625|5|2|1|1|1|estrato_1|11|10|47|9|7|4|20|2|17|17|1|1|2|9|3|1|8|3|24|5|2|7|13|4|42|18|7|1|7|10|0|4|305|4|18|99|113|42|7|7|1|10
32|4|0443|B|1|0|U|501|16|8|4|4|14|estrato_14|3|11|43|11|3|2|18|2|6|18|1|1|2|8|2|1|7|4|17|8|2|6|7|2|21|17|3|2|11|8|0|1|245|2|17|90|90|21|11|3|2|8
32|4|0447|B|1|0|M|722|16|8|4|4|4|estrato_4|5|10|51|21|7|3|35|0|10|18|7|4|3|13|4|3|16|5|14|15|6|14|9|3|23|36|5|5|7|17|0|3|367|3|36|127|141|23|7|5|5|17
32|4|1896|C|1|0|U|380|17|4|4|4|7|estrato_7|64|5|39|6|6|2|12|2|3|16|3|1|0|7|1|2|6|1|9|8|5|2|1|0|23|17|2|1|3|6|0|3|192|0|17|72|65|23|3|2|1|6
32|3|1809|B|1|0|U|469|56|2|3|3|6|estrato_6|110|8|39|8|8|4|16|1|10|14|3|0|2|5|2|0|11|2|10|7|2|7|6|1|30|16|5|1|2|2|0|3|225|1|16|84|81|30|2|5|1|2
32|1|0046|B|1|0|U|400|5|2|1|1|1|estrato_1|6|5|28|7|6|1|18|1|7|12|2|1|2|4|1|1|5|1|15|5|4|11|2|0|27|13|1|4|5|9|0|5|203|0|13|66|73|27|5|1|4|9
32|4|1903|B|1|0|U|549|17|4|4|4|7|estrato_7|67|12|43|14|3|1|17|3|7|17|2|0|3|7|6|2|16|2|22|8|5|8|3|0|38|25|4|2|6|6|0|2|284|0|25|93|108|38|6|4|2|6
32|3|0844|B|1|0|R|245|26|12|3|3|10|estrato_10|11|0|18|8|4|1|11|0|5|5|0|0|1|6|2|0|6|0|9|3|4|1|2|1|16|11|1|3|2|6|0|2|128|1|11|42|44|16|2|1|3|6
32|1|0148|S|1|0|M|0|10|7|1|1|12|estrato_12|97|30|82|14|15|8|49|6|28|32|4|1|1|27|6|3|10|5|36|15|7|21|19|7|72|53|10|6|16|15|1|8|607|7|53|204|215|72|16|10|6|15
32|4|1698|B|1|0|R|446|54|15|4|4|11|estrato_11|141|5|42|6|6|0|15|1|3|9|2|1|0|10|2|1|7|5|13|10|1|8|5|5|19|19|9|4|10|7|0|0|225|5|19|75|77|19|10|9|4|7
32|4|0777|C|1|0|U|464|24|9|4|4|4|estrato_4|71|5|28|7|3|2|18|0|14|16|4|0|3|13|3|0|3|1|19|8|8|4|7|2|31|20|4|2|5|7|0|3|240|2|20|63|103|31|5|4|2|7
32|3|1775|C|1|0|U|411|56|2|3|3|6|estrato_6|156|14|29|5|8|0|29|0|5|13|4|1|2|4|0|0|3|1|12|5|2|9|4|1|26|18|3|1|3|5|0|5|212|1|18|85|65|26|3|3|1|5
32|1|0313|B|1|0|R|333|10|7|1|1|8|estrato_8|104|3|23|12|1|0|15|0|5|6|0|1|2|6|1|0|7|3|11|4|5|5|3|0|19|16|7|1|4|7|1|3|171|0|16|54|59|19|4|7|1|7
32|4|1118|C|1|0|U|393|38|15|4|4|14|estrato_14|104|7|23|9|3|1|18|0|9|26|0|0|0|8|3|0|11|0|8|6|4|6|2|1|29|17|3|4|5|3|0|3|209|1|17|61|83|29|5|3|4|3
32|2|1475|B|1|0|R|218|47|14|2|2|9|estrato_9|167|3|17|5|4|1|10|0|4|4|2|0|0|2|0|0|5|0|9|3|2|3|5|0|15|8|1|0|1|1|0|2|107|0|8|40|39|15|1|1|0|1
32|1|0139|C|2|0|U|685|10|5|1|1|4|estrato_4|35|10|54|17|5|1|25|1|15|18|4|2|1|17|3|3|9|3|24|11|4|10|7|0|36|24|5|3|10|11|1|5|339|0|24|113|131|36|10|5|3|11
32|4|0507|C|1|0|U|709|17|3|4|4|7|estrato_7|19|19|52|16|11|1|27|2|13|18|3|0|6|16|10|2|9|1|25|24|10|10|16|3|33|28|5|5|8|8|1|4|386|3|28|128|163|33|8|5|5|8
32|2|0645|C|1|0|U|540|20|10|2|2|2|estrato_2|30|8|33|7|6|4|20|2|10|17|3|1|2|18|2|2|3|3|19|9|4|7|9|1|30|28|3|2|6|8|0|1|268|1|28|80|109|30|6|3|2|8
